[38;2;88;236;179m##[38;2;88;236;172m#[38;2;83;234;169m#[38;2;77;237;172m*[38;2;84;238;173m*[38;2;87;240;175m#[38;2;89;244;180m#[38;2;91;242;178m#[38;2;94;241;177m#[38;2;90;243;177m#[38;2;84;231;170m#[38;2;80;224;163m*[38;2;79;220;159m*[38;2;115;240;182m#[38;2;164;251;208m%[38;2;178;246;217m%[38;2;169;244;213m%[38;2;151;244;200m%[38;2;132;246;190m%[38;2;99;232;170m#[38;2;51;167;120m+[38;2;35;120;89m-[38;2;57;155;117m=[38;2;112;228;171m#[38;2;128;249;188m#[38;2;89;220;163m*[38;2;54;174;126m+[38;2;50;158;119m==[38;2;50;157;115m=[38;2;45;137;102m=[38;2;39;116;89m-[38;2;40;121;91m-[38;2;46;135;100m=[38;2;46;139;103m==[38;2;43;135;98m-[38;2;44;132;97m-[38;2;44;131;95m--[38;2;42;128;94m-[38;2;41;125;90m-[38;2;41;122;90m-[38;2;40;119;88m-[38;2;38;118;86m--[38;2;38;114;84m-[38;2;37;111;80m-[38;2;36;106;77m-[38;2;36;103;76m-[38;2;36;102;75m---[38;2;34;105;76m-[38;2;35;105;75m--[38;2;34;106;76m--[38;2;36;104;75m-[38;2;35;104;75m--[38;2;35;104;76m-[38;2;37;105;77m-[38;2;38;110;80m-[38;2;39;122;89m-[38;2;44;137;100m=[38;2;44;145;105m=[38;2;48;147;107m=[38;2;47;146;108m=[38;2;45;138;102m=[38;2;41;122;90m-[38;2;41;113;83m-[38;2;39;111;81m--[38;2;39;113;83m-[38;2;42;118;89m-[38;2;41;118;87m--[38;2;43;120;89m-[38;2;41;117;87m-[38;2;35;109;80m-[38;2;35;108;79m-[38;2;39;109;81m-[38;2;37;105;80m-[38;2;36;100;74m-[38;2;34;98;72m::[38;2;32;99;77m-[38;2;44;138;107m=[38;2;56;184;138m+[38;2;55;197;145m+[38;2;57;202;148m+[38;2;55;203;151m*[38;2;57;205;153m**[38;2;57;197;151m+[38;2;49;178;139m+[38;2;44;161;129m==[38;2;47;159;130m=[38;2;48;157;130m=[38;2;50;144;120m=[38;2;44;117;98m-[38;2;41;98;85m:[38;2;42;87;75m:[38;2;50;87;79m-[38;2;57;90;86m-[38;2;52;83;80m:[38;2;46;70;68m:[38;2;41;59;58m.[38;2;30;43;45m.[38;2;31;37;43m..[38;2;27;37;40m.[38;2;30;48;47m.[38;2;35;57;55m:[38;2;37;64;61m::[38;2;36;56;54m.[0m
[38;2;55;182;134m+[38;2;57;184;134m+[38;2;53;185;134m+[38;2;61;186;133m.[38;2;71;158;110m.[38;2;63;125;88m.[38;2;58;118;85m.[38;2;58;131;94m.[38;2;73;125;88m.[38;2;46;110;79m.[38;2;52;147;105m.[38;2;63;197;143m.+[38;2;64;195;141m+[38;2;107;228;172m#[38;2;163;250;202m%[38;2;178;245;215m%[38;2;168;243;211m%[38;2;149;245;197m%[38;2;129;248;185m#[38;2;92;227;163m#[38;2;49;164;115m=[38;2;31;123;87m-[38;2;53;160;115m`[38;2;110;231;170m#[38;2;121;249;188m#[38;2;83;217;160m*[38;2;53;177;129m+[38;2;52;167;123m=[38;2;51;170;124m+[38;2;57;176;129m+[38;2;51;153;112m=[38;2;37;121;92m-[38;2;38;124;93m-[38;2;46;139;102m=[38;2;46;143;105m=[38;2;46;140;103m=[38;2;44;136;99m=[38;2;43;134;97m--[38;2;41;131;98m-[38;2;41;132;98m-[38;2;42;130;97m--[38;2;40;128;94m-[38;2;40;125;92m-[38;2;39;121;89m-[38;2;38;116;85m-[38;2;35;111;80m-[38;2;35;105;76m-[38;2;38;100;76m-[38;2;36;96;74m:[38;2;36;91;70m::[38;2;34;92;70m:[38;2;33;96;72m:-[38;2;35;102;78m-[38;2;36;104;79m-[38;2;37;106;81m--[38;2;36;106;79m-[38;2;35;106;78m--[38;2;39;111;82m-[38;2;39;122;89m-[38;2;39;136;98m-[38;2;39;143;104m=[38;2;41;147;107m==[38;2;41;137;101m=[38;2;36;124;92m-[38;2;34;116;85m-[38;2;33;113;83m--[38;2;34;118;87m-[38;2;38;128;94m-[38;2;38;127;94m-[38;2;40;125;92m-[38;2;43;127;96m-[38;2;40;120;91m-[38;2;35;111;80m-[38;2;34;107;78m-[38;2;37;107;78m-[38;2;36;103;76m-[38;2;34;98;72m:[38;2;35;96;71m::[38;2;31;101;75m-[38;2;44;151;114m=[38;2;58;201;149m+[38;2;61;211;154m*[38;2;62;215;157m*[38;2;62;218;159m*[38;2;65;221;162m*[38;2;62;222;160m*[38;2;61;216;159m*[38;2;57;203;152m*[38;2;49;187;143m+[38;2;46;181;139m+[38;2;46;178;138m+[38;2;46;174;138m+[38;2;46;171;138m=[38;2;47;165;137m=[38;2;45;154;129m=[38;2;40;139;114m=[38;2;38;122;103m-[38;2;41;108;94m-[38;2;47;100;91m:[38;2;55;98;93m-[38;2;56;98;94m-[38;2;57;93;92m-[38;2;54;80;81m:[38;2;45;61;64m:[38;2;36;45;50m.[38;2;29;36;42m.[38;2;27;38;43m.[38;2;30;45;48m.[38;2;33;53;55m.[38;2;38;60;61m:[0m
[38;2;46;140;103m==[38;2;44;144;103m=[38;2;95;96;63m-[38;2;36;52;35m.[38;2;12;49;36m.[38;2;16;50;37m.[38;2;14;47;34m.[38;2;17;50;37m.[38;2;13;50;37m.[38;2;25;52;37m.[38;2;51;130;96m=[38;2;44;146;106m=[38;2;46;150;107m=[38;2;96;211;153m`[38;2;160;251;198m%[38;2;173;245;215m%[38;2;164;243;209m%[38;2;146;245;188m%[38;2;118;247;175m#[38;2;78;220;152m*[38;2;47;160;113m=[38;2;32;122;86m-[38;2;51;158;112m`[38;2;105;229;166m#[38;2;121;249;185m#[38;2;82;213;158m*[38;2;51;169;123m+[38;2;48;157;115m=[38;2;47;154;112m=[38;2;49;150;110m=[38;2;41;132;97m-[38;2;35;115;88m-[38;2;37;118;91m-[38;2;43;132;98m-[38;2;45;139;102m==[38;2;42;131;97m-[38;2;41;126;94m-[38;2;41;123;95m--[38;2;37;121;92m--[38;2;36;120;91m-[38;2;35;121;90m-[38;2;38;125;93m-[38;2;39;130;95m-[38;2;40;128;93m-[38;2;37;119;86m-[38;2;36;107;78m-[38;2;38;98;75m-[38;2;37;91;71m:[38;2;34;86;67m:[38;2;35;96;75m:[38;2;43;124;96m-[38;2;49;148;112m=[38;2;53;154;117m=[38;2;51;155;118m=[38;2;52;158;122m=[38;2;51;160;124m=[38;2;52;158;123m=[38;2;51;156;119m=[38;2;48;151;114m=[38;2;41;144;109m=[38;2;40;141;107m=[38;2;42;140;102m=[38;2;49;137;99m=[38;2;58;128;90m=[38;2;63;116;81m-[38;2;60;95;63m:[38;2;58;80;52m:[38;2;60;75;49m:[38;2;59;72;46m:[38;2;60;70;45m:[38;2;56;70;46m.[38;2;53;75;50m.[38;2;53;80;56m:[38;2;49;84;62m:[38;2;43;92;68m-[38;2;42;103;76m-[38;2;39;107;79m-[38;2;35;105;78m--[38;2;34;103;76m-[38;2;36;97;72m:[38;2;36;92;69m::[38;2;34;93;68m:[38;2;32;102;75m-[38;2;47;158;118m=[38;2;61;204;150m*[38;2;61;212;156m*[38;2;63;217;155m*[38;2;65;224;158m*[38;2;67;227;163m*[38;2;67;229;162m*[38;2;71;233;163m*[38;2;73;233;164m*[38;2;66;222;158m*[38;2;60;211;150m*[38;2;58;200;146m+[38;2;50;183;137m+[38;2;48;172;136m+[38;2;47;166;133m=[38;2;43;158;127m=[38;2;39;151;122m==[38;2;42;157;126m=[38;2;48;156;127m=[38;2;48;141;118m=[38;2;47;119;103m-[38;2;49;102;92m:[38;2;54;99;93m-[38;2;61;103;99m--[38;2;52;80;78m:[38;2;43;56;60m.[38;2;36;40;46m.[38;2;30;34;40m..[0m
[38;2;41;137;99m=[38;2;39;138;100m=[38;2;48;135;98m-[38;2;89;82;54m:[38;2;63;71;47m:[38;2;29;64;44m.[38;2;36;64;46m.[38;2;22;61;42m.[38;2;17;57;42m.[38;2;17;54;40m.[38;2;19;54;39m.[38;2;44;119;87m-[38;2;44;136;99m-[38;2;42;140;100m=[38;2;95;209;149m`[38;2;159;251;198m%[38;2;174;245;214m%[38;2;162;243;207m%[38;2;142;245;184m%[38;2;109;243;168m#[38;2;71;217;145m*[38;2;47;157;111m=[38;2;33;118;83m-[38;2;51;157;110m`[38;2;103;230;162m#[38;2;125;250;183m#[38;2;81;208;154m*[38;2;42;148;106m=[38;2;40;128;95m-[38;2;39;123;92m-[38;2;38;121;90m-[38;2;35;116;87m-[38;2;34;110;85m-[38;2;35;113;87m-[38;2;37;124;95m-[38;2;40;131;97m--[38;2;40;125;94m-[38;2;37;121;91m-[38;2;38;122;93m-[38;2;42;130;100m-[38;2;46;138;107m=[38;2;47;144;112m=[38;2;51;149;114m=[38;2;51;146;111m=[38;2;44;135;102m-[38;2;39;127;95m-[38;2;38;124;90m-[38;2;36;115;85m-[38;2;36;107;81m-[38;2;37;101;77m-[38;2;36;94;74m:[38;2;35;93;74m:[38;2;42;122;94m-[38;2;53;161;122m=[38;2;52;173;130m+[38;2;51;173;130m+[38;2;53;174;130m+[38;2;52;176;131m+[38;2;50;177;132m+[38;2;47;167;126m=[38;2;42;154;115m=[38;2;48;149;107m=[38;2;67;151;108m=[38;2;86;147;101m=[38;2;93;130;83m+[38;2;92;105;61m-[38;2;90;83;45m-[38;2;88;72;37m:[38;2;88;68;32m:::[38;2;89;67;34m:[38;2;90;68;36m::[38;2;89;67;35m:[38;2;88;65;36m:[38;2;86;63;35m:[38;2;82;63;36m:[38;2;76;64;37m:[38;2;65;66;39m:[38;2;57;68;42m:[38;2;46;71;49m.[38;2;33;77;55m:[38;2;29;86;62m:[38;2;34;94;70m:[38;2;36;93;70m:[38;2;34;90;67m:[38;2;31;100;74m-[38;2;47;163;122m=[38;2;60;209;151m*[38;2;61;217;155m*[38;2;60;220;154m**[38;2;63;223;156m*[38;2;65;226;159m*[38;2;71;233;162m*[38;2;75;238;164m#[38;2;67;228;155m*[38;2;63;216;149m*[38;2;61;205;145m+[38;2;53;187;138m+[38;2;48;175;134m+[38;2;48;171;134m+[38;2;46;165;129m=[38;2;44;155;124m=[38;2;42;152;122m=[38;2;45;163;131m=[38;2;45;171;137m=[38;2;48;175;140m+[38;2;50;171;139m=[38;2;45;148;122m=[38;2;43;125;106m=[38;2;44;104;92m-[38;2;46;93;86m:[38;2;57;97;95m-[38;2;60;102;100m-[38;2;58;94;91m-[38;2;48;72;72m:[38;2;39;50;53m.[0m
[38;2;35;121;88m---[38;2;88;87;54m-[38;2;63;63;39m:[38;2;43;64;44m:[38;2;50;63;40m:[38;2;26;52;36m.[38;2;17;50;36m.[38;2;20;54;38m.[38;2;15;47;34m.[38;2;36;103;74m-[38;2;42;127;92m-[38;2;40;133;94m=[38;2;91;206;146m`[38;2;156;251;198m%[38;2;172;245;212m%[38;2;160;244;203m%[38;2;142;246;186m%[38;2;109;241;167m#[38;2;70;215;145m*[38;2;45;157;110m=[38;2;34;114;82m-[38;2;52;157;108m`[38;2;102;232;161m#[38;2;125;249;183m#[38;2;81;204;152m`[38;2;37;136;98m=[38;2;34;115;85m-[38;2;31;112;85m-[38;2;30;111;84m-[38;2;32;106;81m-[38;2;34;103;80m-[38;2;34;105;81m-[38;2;36;114;88m-[38;2;37;122;93m--[38;2;37;124;92m-[38;2;45;142;106m=[38;2;57;165;126m+[38;2;59;173;133m+[38;2;56;164;127m=[38;2;50;153;118m=[38;2;49;150;116m=[38;2;49;149;113m=[38;2;45;142;107m=[38;2;40;130;98m-[38;2;36;117;88m-[38;2;36;108;81m-[38;2;36;101;77m-[38;2;33;97;73m-[38;2;33;94;73m:[38;2;33;100;79m-[38;2;40;123;98m-[38;2;44;140;108m=[38;2;42;137;105m==[38;2;40;135;104m=[38;2;34;134;101m=[38;2;43;140;102m=[38;2;67;146;101m-[38;2;95;151;98m=[38;2;112;145;85m+[38;2;108;119;64m=[38;2;99;88;44m:[38;2;90;70;33m:[38;2;88;66;31m::[38;2;88;70;32m::[38;2;86;70;35m::::[38;2;88;70;35m:[38;2;87;70;35m:[38;2;88;70;36m:::[38;2;88;71;35m:[38;2;92;69;36m:[38;2;91;68;34m:[38;2;85;67;34m:[38;2;76;62;37m:[38;2;48;50;31m.[38;2;27;47;32m.[38;2;32;67;51m:[38;2;33;81;61m:[38;2;32;100;80m:[38;2;48;165;125m=[38;2;58;208;148m*[38;2;61;216;154m*****[38;2;66;225;156m*[38;2;64;226;154m*[38;2;59;218;147m*[38;2;58;210;144m*[38;2;57;199;140m+[38;2;52;184;138m+[38;2;48;174;133m+[38;2;47;171;134m+[38;2;47;173;134m+[38;2;47;171;137m++++++[38;2;42;158;129m=[38;2;46;159;132m=[38;2;47;154;128m=[38;2;39;123;103m-[38;2;45;116;100m-[38;2;43;103;90m:[38;2;49;93;89m-[38;2;56;102;97m-[38;2;58;100;95m-[0m
[38;2;46;142;108m=[38;2;45;141;105m=[38;2;45;138;104m=[38;2;57;124;89m-[38;2;50;76;54m:[38;2;49;68;49m:[38;2;37;68;46m:[38;2;27;87;65m.[38;2;27;78;58m:[38;2;14;48;35m.[38;2;14;46;33m.[38;2;26;72;53m:[38;2;38;112;82m-[38;2;38;128;90m-[38;2;91;205;146m`[38;2;155;251;195m%[38;2;174;244;209m%[38;2;160;243;203m%[38;2;141;245;186m%[38;2;113;240;167m#[38;2;73;214;146m*[38;2;46;156;108m=[38;2;32;114;81m-[38;2;52;154;108m`[38;2;100;230;159m#[38;2;124;250;183m#[38;2;81;202;152m`[38;2;37;134;96m=[38;2;42;133;100m-[38;2;56;156;121m==[38;2;45;137;106m-[38;2;36;118;91m-[38;2;34;112;88m-[38;2;37;117;90m-[38;2;39;127;97m-[38;2;43;139;106m=[38;2;55;166;124m=[38;2;64;188;141m+[38;2;62;184;138m+[38;2;50;159;118m=[38;2;40;132;98m-[38;2;35;112;84m-[38;2;35;102;78m--[38;2;34;104;78m-[38;2;37;110;85m-[38;2;38;118;91m-[38;2;38;121;94m-[38;2;41;123;96m-[38;2;41;128;101m-[38;2;43;131;105m-[38;2;44;135;105m-[38;2;44;139;107m=[38;2;43;139;107m=[38;2;39;131;100m-[38;2;33;114;86m-[38;2;52;120;87m-[38;2;93;147;99m-[38;2;126;159;98m*[38;2;126;141;78m+[38;2;107;106;52m-[38;2;88;76;33m:[38;2;84;64;29m:[38;2;88;66;32m:[38;2;90;69;33m:::[38;2;87;69;33m:[38;2;88;70;34m:[38;2;87;69;33m:::[38;2;88;70;34m::[38;2;85;69;33m:::::::[38;2;88;70;35m:[38;2;90;69;37m::[38;2;62;41;24m.  [38;2;30;62;51m\[38;2;56;158;121m\[38;2;60;216;156m*[38;2;58;215;154m*[38;2;62;217;155m**[38;2;61;217;151m*[38;2;59;212;149m*[38;2;57;209;148m*[38;2;56;206;146m*[38;2;51;197;142m+[38;2;49;190;140m+[38;2;47;184;138m+[38;2;46;179;136m++[38;2;46;175;138m++[38;2;46;171;137m++++[38;2;44;172;139m+[38;2;45;169;138m+[38;2;44;157;129m==[38;2;43;152;125m=[38;2;39;138;114m=[38;2;46;160;129m=[38;2;46;153;124m=[38;2;38;112;95m-[38;2;37;91;79m:[38;2;43;93;83m:[0m
[38;2;44;147;108m==[38;2;51;141;107m=[38;2;96;110;84m-[38;2;115;63;48m-[38;2;45;57;41m:[38;2;49;70;51m:[38;2;37;87;65m:[38;2;25;67;50m.[38;2;19;51;39m.[38;2;15;48;36m.[38;2;36;97;73m/[38;2;52;151;112m=[38;2;49;156;113m=[38;2;97;213;153m`[38;2;159;249;192m%[38;2;175;243;209m%[38;2;159;243;205m%[38;2;140;245;185m%[38;2;110;242;164m#[38;2;73;214;144m*[38;2;44;154;108m=[38;2;31;113;80m-[38;2;52;154;109m`[38;2;99;229;158m#[38;2;118;250;181m#[38;2;77;205;152m*[38;2;43;159;116m=[38;2;62;184;144m+[38;2;81;210;169m*[38;2;77;206;167m*[38;2;60;187;149m+[38;2;48;170;133m++[38;2;52;175;134m+[38;2;57;184;140m+[38;2;62;194;147m+[38;2;62;195;148m+[38;2;57;187;140m+[38;2;51;167;126m=[38;2;44;145;111m=[38;2;37;129;98m-[38;2;35;119;92m-[38;2;35;115;90m---[38;2;35;119;93m-[38;2;37;127;99m-[38;2;44;146;114m=[38;2;52;168;132m=[38;2;54;176;137m++[38;2;52;177;133m+[38;2;47;169;128m=[38;2;41;141;102m=[38;2;56;127;88m-[38;2;108;161;104m+[38;2;137;172;101m*[38;2;122;136;70m=[38;2;97;89;41m:[38;2;83;64;28m::[38;2;87;69;32m:[38;2;89;70;35m::[38;2;88;69;36m:[38;2;87;69;34m:::::::::::::::::::[38;2;86;67;40m:[38;2;48;30;22m.  [38;2;33;40;37m\[38;2;55;134;105m\[38;2;66;207;156m\[38;2;57;212;153m*[38;2;62;219;153m*[38;2;66;225;155m*[38;2;62;218;152m*[38;2;57;209;150m*[38;2;54;200;147m+[38;2;48;186;137m+[38;2;44;177;136m+[38;2;46;175;137m+++++[38;2;44;171;138m+++[38;2;43;171;138m+[38;2;44;172;139m+[38;2;46;169;138m+[38;2;44;158;130m==[38;2;43;150;124m=[38;2;39;134;113m=[38;2;45;156;125m=[38;2;43;154;123m=[38;2;39;128;107m-[38;2;40;125;103m-[38;2;41;137;112m=[0m
[38;2;41;135;103m=[38;2;37;133;102m-[38;2;50;101;78m-[38;2;67;80;61m:[38;2;39;83;65m:[38;2;24;86;67m:[38;2;34;90;72m:[38;2;40;97;78m-[38;2;41;109;86m.[38;2;40;111;89m.[38;2;41;127;99m.[38;2;62;185;144m/[38;2;67;203;156m*[38;2;67;203;151m*[38;2;105;233;173m#[38;2;160;247;199m%[38;2;172;243;207m%[38;2;155;244;201m%[38;2;139;246;182m%[38;2;105;242;162m#[38;2;69;214;143m*[38;2;43;154;108m=[38;2;33;113;80m-[38;2;50;154;108m`[38;2;96;228;159m#[38;2;116;250;177m#[38;2;76;204;149m*[38;2;44;159;120m=[38;2;47;167;131m=[38;2;45;172;138m+[38;2;46;175;141m+[38;2;47;177;141m++[38;2;46;183;142m+[38;2;48;188;144m++[38;2;48;186;144m+[38;2;49;182;142m+[38;2;49;178;139m+[38;2;48;175;137m+[38;2;46;171;137m+[38;2;46;168;135m+[38;2;47;166;133m==[38;2;45;165;131m==[38;2;45;165;132m==[38;2;49;169;133m+[38;2;50;172;133m+[38;2;49;167;127m+[38;2;45;163;123m==[38;2;49;139;100m=[38;2;95;151;97m=[38;2;147;189;111m*[38;2;121;140;71m=[38;2;84;77;31m:[38;2;78;62;27m:[38;2;84;66;34m:[38;2;90;70;35m:[38;2;87;70;33m::::[38;2;87;68;36m:[38;2;87;69;34m::::::::::::::[38;2;88;69;35m:[38;2;88;69;36m::[38;2;87;68;35m:[38;2;88;66;37m:[38;2;85;66;41m:[38;2;48;30;23m.   [38;2;26;12;19m\[38;2;39;79;67m\[38;2;60;179;135m\[38;2;55;201;146m+[38;2;59;205;147m*[38;2;61;210;152m*[38;2;61;215;154m**[38;2;53;194;143m+[38;2;45;177;134m+[38;2;45;171;135m+[38;2;45;172;138m++[38;2;46;171;138m++++++[38;2;44;173;139m+[38;2;46;169;138m+[38;2;44;160;131m=[38;2;45;160;132m=[38;2;43;150;124m=[38;2;37;135;113m=[38;2;45;157;127m=[38;2;45;153;124m=[38;2;39;126;104m-[38;2;37;124;103m-[38;2;39;148;120m=[0m
[38;2;39;135;103m-[38;2;40;134;102m=[38;2;37;137;104m=[38;2;32;139;106m-[38;2;37;143;110m=[38;2;49;161;127m=[38;2;54;180;144m+[38;2;60;197;158m+[38;2;59;198;160m+[38;2;56;192;154m++[38;2;60;202;155m+[38;2;67;213;159m*[38;2;72;222;162m*[38;2;111;240;182m#[38;2;162;246;200m%[38;2;168;242;204m%[38;2;152;243;197m%[38;2;135;246;179m%[38;2;103;241;162m#[38;2;68;211;143m*[38;2;44;154;107m=[38;2;32;113;80m-[38;2;49;154;106m`[38;2;95;228;158m*[38;2;113;249;174m#[38;2;72;198;143m`[38;2;33;129;98m-[38;2;32;119;95m-[38;2;32;125;100m-[38;2;35;133;103m-[38;2;41;150;118m=[38;2;51;174;137m+[38;2;55;182;142m+[38;2;50;177;136m+[38;2;50;172;135m+[38;2;49;168;133m+[38;2;47;166;133m+==[38;2;46;168;136m++===+[38;2;46;172;137m+[38;2;45;170;133m=[38;2;41;156;123m=[38;2;38;141;112m=[38;2;37;133;107m-[38;2;38;129;103m-[38;2;53;119;78m-[38;2;122;170;100m+[38;2;154;189;111m*[38;2;100;110;46m-[38;2;76;63;24m:[38;2;87;68;36m:[38;2;88;71;36m:[38;2;85;70;33m::::::[38;2;88;69;36m:::[38;2;87;68;36m::::::[38;2;88;68;36m:[38;2;87;68;36m:[38;2;87;68;35m::::[38;2;88;69;36m:::[38;2;87;68;36m:[38;2;89;70;39m:[38;2;71;52;33m:      [38;2;31;52;48m\[38;2;61;170;130m\[38;2;50;188;138m+[38;2;49;186;139m+[38;2;50;195;144m+[38;2;52;199;146m+[38;2;47;189;141m+[38;2;45;178;137m+[38;2;47;179;140m++[38;2;45;173;139m+[38;2;44;167;134m+[38;2;42;161;128m=[38;2;42;157;127m=[38;2;42;160;131m=[38;2;44;169;137m=+[38;2;44;172;139m+[38;2;45;169;137m=[38;2;42;160;131m=[38;2;46;160;131m=[38;2;44;148;123m=[38;2;37;136;113m=[38;2;45;156;125m=[38;2;41;149;121m=[38;2;38;126;102m--[38;2;40;147;120m=[0m
[38;2;42;137;105m==[38;2;41;134;104m=[38;2;46;141;112m=[38;2;62;175;140m+[38;2;66;193;156m+[38;2;56;184;146m+[38;2;47;166;132m=[38;2;47;160;128m=[38;2;52;170;136m+[38;2;55;180;142m+[38;2;58;192;145m+[38;2;64;207;151m*[38;2;73;219;156m*[38;2;107;240;177m#[38;2;158;246;197m%[38;2;163;244;198m%[38;2;145;245;190m%[38;2;133;246;177m#[38;2;100;239;160m#[38;2;67;211;142m*[38;2;44;155;106m=[38;2;32;114;82m-[38;2;47;154;108m`[38;2;91;224;156m*[38;2;109;246;171m#[38;2;72;197;140m`[38;2;36;132;96m=[38;2;33;116;88m--[38;2;34;124;91m-[38;2;39;142;105m=[38;2;51;169;125m+[38;2;56;179;133m+[38;2;53;175;130m+[38;2;49;162;120m=[38;2;41;141;106m=[38;2;37;128;98m-[38;2;36;126;100m-[38;2;34;126;101m--[38;2;36;128;103m-[38;2;37;131;106m-[38;2;36;135;109m-[38;2;36;140;112m=[38;2;39;146;118m=[38;2;41;150;121m=[38;2;40;148;119m=[38;2;38;143;116m=[38;2;41;144;116m=[38;2;45;148;119m=[38;2;51;120;85m=[38;2;133;179;108m*[38;2;149;176;100m*[38;2;89;85;36m/[38;2;83;63;29m:[38;2;89;72;39m:[38;2;86;70;36m:[38;2;85;69;35m:::::::[38;2;88;69;37m::[38;2;87;68;38m::::::[38;2;87;68;35m:::::[38;2;87;68;36m::[38;2;88;69;36m::::[38;2;84;67;35m:[38;2;51;34;22m.       [38;2;36;62;55m\[38;2;62;191;141m\[38;2;49;191;137m+[38;2;48;181;134m+[38;2;44;174;134m+[38;2;44;171;134m++==[38;2;45;166;133m=[38;2;43;157;126m=[38;2;38;144;116m=[38;2;37;141;117m=[38;2;43;157;128m=[38;2;44;169;137m=++[38;2;45;167;136m=[38;2;42;158;130m=[38;2;43;153;126m=[38;2;40;146;120m=[38;2;39;139;118m=[38;2;43;154;126m=[38;2;40;143;117m=[38;2;38;121;100m-[38;2;35;120;99m-[38;2;38;144;118m=[0m
[38;2;45;144;110m==[38;2;42;142;107m=[38;2;55;172;136m+[38;2;79;215;176m*[38;2;71;205;169m*[38;2;50;175;138m+[38;2;48;163;128m+=[38;2;55;170;133m+[38;2;53;174;134m+[38;2;54;185;138m+[38;2;62;203;148m*[38;2;70;217;154m*[38;2;107;239;175m#[38;2;157;244;197m%[38;2;162;243;196m%[38;2;143;244;189m%[38;2;132;244;177m#[38;2;99;239;162m#[38;2;65;213;141m*[38;2;42;154;106m=[38;2;31;112;81m-[38;2;48;153;108m=[38;2;85;222;152m*[38;2;104;245;168m#[38;2;70;196;137m`[38;2;35;130;93m-[38;2;34;115;87m-[38;2;34;118;87m-[38;2;37;127;95m-[38;2;37;131;97m-[38;2;35;132;97m-[38;2;36;132;98m--[38;2;35;131;96m-[38;2;37;125;93m-[38;2;36;120;88m-[38;2;35;116;86m-[38;2;35;114;87m--[38;2;33;116;90m-[38;2;33;120;92m-[38;2;33;124;94m-[38;2;35;128;98m-[38;2;38;134;106m=[38;2;39;139;114m=[38;2;43;150;122m=[38;2;50;168;136m+[38;2;55;182;148m+[38;2;51;144;107m=[38;2;122;174;109m+[38;2;149;180;105m*[38;2;87;73;32m/[38;2;86;65;30m:[38;2;93;72;36m:[38;2;85;70;35m::[38;2;86;70;36m:[38;2;85;69;35m::::::[38;2;87;70;37m:[38;2;89;68;38m:[38;2;85;68;38m:::::::[38;2;88;69;35m:[38;2;87;69;36m:[38;2;87;68;35m::[38;2;87;68;36m::[38;2;88;69;36m:[38;2;88;69;35m::[38;2;87;68;36m:[38;2;70;54;28m.[38;2;43;27;19m.        [38;2;46;109;86m\[38;2;59;202;147m+[38;2;52;190;136m+[38;2;53;187;135m+[38;2;48;174;131m+[38;2;45;162;126m=[38;2;37;140;113m=[38;2;33;131;108m-[38;2;39;146;121m=[38;2;43;160;131m=[38;2;41;162;132m==[38;2;44;166;135m=[38;2;43;168;138m===[38;2;44;165;136m=[38;2;42;158;129m=[38;2;42;156;127m=[38;2;41;148;123m=[38;2;37;140;118m=[38;2;41;152;127m=[38;2;41;140;117m=[38;2;37;116;95m-[38;2;33;116;96m-[38;2;38;140;115m=[0m
[38;2;44;145;110m==[38;2;42;143;106m=[38;2;53;170;133m+[38;2;71;209;168m*[38;2;77;217;174m*[38;2;78;211;165m*[38;2;69;195;149m+[38;2;47;159;120m=[38;2;38;135;103m=[38;2;39;138;105m=[38;2;50;173;128m+[38;2;60;198;143m+[38;2;65;214;148m*[38;2;103;238;173m#[38;2;157;246;195m%[38;2;164;244;199m%[38;2;145;244;186m%[38;2;129;246;173m#[38;2;95;239;159m#[38;2;66;213;142m*[38;2;45;153;105m=[38;2;31;110;80m-[38;2;49;152;107m=[38;2;89;224;152m*[38;2;110;247;171m#[38;2;72;196;136m`[38;2;32;121;84m-[38;2;31;100;74m-[38;2;30;98;72m:[38;2;33;104;80m-[38;2;33;109;84m--[38;2;34;119;90m-[38;2;38;134;100m-[38;2;42;144;108m==[38;2;40;142;106m==[38;2;41;139;105m-[38;2;39;138;105m-[38;2;39;142;109m=[38;2;43;152;117m=[38;2;46;159;124m=[38;2;47;161;126m=[38;2;48;162;128m=[38;2;48;166;134m=[38;2;49;174;138m+[38;2;49;178;143m+[38;2;45;155;122m=[38;2;91;149;96m=[38;2;166;203;122m*[38;2;96;91;44m/[38;2;85;66;28m:[38;2;94;73;34m:[38;2;89;71;34m:[38;2;85;69;35m::[38;2;86;70;36m::::[38;2;85;69;35m:::[38;2;87;69;37m:[38;2;88;69;38m:[38;2;86;68;38m::[38;2;88;68;36m:[38;2;87;69;38m::::[38;2;88;69;37m:[38;2;86;69;36m:::[38;2;88;69;37m:::::[38;2;84;65;36m:[38;2;56;38;23m.[38;2;38;21;20m.        [38;2;32;41;41m`[38;2;68;185;139m`[38;2;59;203;145m+[38;2;61;203;142m+[38;2;52;186;131m+[38;2;45;160;119m=[38;2;35;126;99m-[38;2;28;103;84m-[38;2;31;109;91m-[38;2;35;124;105m-[38;2;36;138;115m=[38;2;41;154;128m=[38;2;43;164;135m=[38;2;42;165;136m==[38;2;43;167;135m=[38;2;44;166;135m=[38;2;43;165;133m=[38;2;44;163;132m=[38;2;40;150;124m=[38;2;37;142;118m=[38;2;41;154;126m=[38;2;38;140;114m=[38;2;35;114;91m-[38;2;33;111;88m-[38;2;33;119;96m-[0m
[38;2;49;157;123m==[38;2;50;159;125m=[38;2;54;172;135m+[38;2;65;202;157m*[38;2;79;221;172m*[38;2;84;219;168m*[38;2;66;187;141m+[38;2;36;137;101m=[38;2;31;114;88m-[38;2;36;126;96m-[38;2;47;162;120m=[38;2;56;186;136m+[38;2;56;197;139m+[38;2;84;223;159m*[38;2;129;243;184m#[38;2;136;242;186m#[38;2;123;242;176m#[38;2;106;244;168m#[38;2;85;236;158m#[38;2;69;216;146m*[38;2;47;161;110m=[38;2;32;115;83m-[38;2;47;153;106m=[38;2;85;223;150m*[38;2;100;244;167m#[38;2;63;189;132m+[38;2;32;125;87m-[38;2;33;110;79m-[38;2;29;101;74m-[38;2;30;98;75m:[38;2;32;106;83m-[38;2;34;116;90m-[38;2;36;135;104m-[38;2;48;164;125m=[38;2;53;174;133m+[38;2;51;171;134m+++[38;2;47;171;130m++[38;2;49;175;135m+[38;2;57;188;147m+[38;2;60;192;152m+[38;2;52;182;143m+[38;2;45;169;135m+[38;2;45;166;135m=[38;2;43;163;131m=[38;2;41;153;125m=[38;2;42;112;84m-[38;2;148;189;120m*[38;2;129;141;79m+[38;2;81;65;30m:[38;2;94;73;35m:[38;2;90;71;35m:[38;2;89;72;36m:[38;2;87;70;36m::::[38;2;85;69;35m:::[38;2;85;69;36m::::::::::[38;2;86;69;40m:[38;2;87;69;38m:[38;2;88;69;37m::::::[38;2;87;68;37m:[38;2;89;69;37m:[38;2;70;52;30m:[38;2;38;23;18m.        [38;2;36;22;24m.[38;2;26;19;24m`[38;2;68;157;123m`[38;2;64;215;155m*[38;2;63;210;150m*[38;2;53;188;137m+[38;2;45;168;122m=[38;2;41;151;113m=[38;2;39;134;102m-[38;2;37;124;95m-[38;2;33;109;84m-[38;2;26;94;76m:[38;2;27;97;80m:[38;2;31;111;93m-[38;2;32;118;98m-[38;2;32;124;101m-[38;2;33;128;103m-[38;2;35;130;105m-[38;2;35;132;107m=[38;2;35;133;108m=[38;2;34;132;107m=[38;2;34;132;108m=[38;2;37;133;107m=[38;2;34;121;96m-[38;2;32;105;83m-[38;2;33;101;80m--[0m
[38;2;58;197;154m+[38;2;55;200;154m+[38;2;56;200;153m**[38;2;58;204;154m*[38;2;55;202;150m*[38;2;54;195;142m+[38;2;52;184;133m+[38;2;49;176;128m+[38;2;52;173;127m+[38;2;50;176;129m+[38;2;51;182;132m+[38;2;52;187;136m+[38;2;51;189;137m+[38;2;51;194;138m+[38;2;55;207;145m*[38;2;55;210;144m*[38;2;56;208;143m*[38;2;57;204;138m+[38;2;54;200;136m+[38;2;52;192;131m+[38;2;46;176;121m+[38;2;46;164;116m=[38;2;50;175;121m+[38;2;56;197;137m+[38;2;58;206;144m+[38;2;49;183;130m+[38;2;45;164;118m=[38;2;46;160;115m=[38;2;44;155;112m=[38;2;43;154;113m=[38;2;43;158;117m=[38;2;43;161;117m==[38;2;42;166;119m=[38;2;45;170;123m=[38;2;46;173;127m+++=====[38;2;43;169;124m=[38;2;43;163;121m=[38;2;43;158;119m=[38;2;44;157;118m=[38;2;39;138;107m=[38;2;78;131;92m=[38;2;162;194;117m*[38;2;89;83;38m`[38;2;87;69;35m:[38;2;91;72;35m:[38;2;87;72;38m:[38;2;88;72;38m:[38;2;88;71;38m:[38;2;87;71;37m::::[38;2;85;69;35m::[38;2;86;69;36m::::[38;2;88;69;37m:[38;2;86;70;36m:::::::::[38;2;88;69;37m:[38;2;87;69;37m:[38;2;89;70;37m::[38;2;87;69;37m::[38;2;56;38;24m.        [38;2;36;21;24m.[38;2;35;22;26m.[38;2;23;17;25m`[38;2;56;133;106m`[38;2;53;197;142m+[38;2;52;194;140m+[38;2;47;184;135m+[38;2;43;177;127m+[38;2;44;176;127m+[38;2;47;175;127m+[38;2;47;169;123m=[38;2;44;156;113m=[38;2;38;140;102m=[38;2;37;127;93m-[38;2;35;123;92m-[38;2;35;126;93m-[38;2;35;129;94m-[38;2;37;131;97m--[38;2;35;130;97m--[38;2;35;132;97m-[38;2;36;134;100m-[38;2;36;132;96m-[38;2;35;129;93m-[38;2;36;129;94m--[38;2;36;126;93m-[0m
[38;2;49;187;148m+[38;2;49;188;147m+[38;2;46;182;141m++[38;2;48;182;139m+[38;2;49;178;135m+[38;2;50;177;131m+[38;2;48;167;122m=[38;2;36;143;101m=[38;2;34;134;98m-[38;2;41;150;114m=[38;2;47;171;126m=[38;2;49;178;132m+[38;2;48;175;131m+[38;2;53;188;136m+[38;2;79;220;157m*[38;2;89;229;162m#[38;2;80;224;156m*[38;2;68;215;145m*[38;2;57;201;137m+[38;2;50;182;126m+[38;2;40;151;106m=[38;2;32;129;91m-[38;2;40;155;107m=[38;2;62;203;142m+[38;2;74;218;156m*[38;2;54;183;130m+[38;2;35;139;100m=[38;2;36;132;97m-[38;2;42;147;107m=[38;2;43;159;114m=[38;2;40;155;110m=[38;2;38;147;106m=[38;2;35;141;103m=[38;2;35;137;99m-[38;2;37;135;98m-[38;2;36;136;99m---[38;2;37;136;100m=====[38;2;36;141;103m=[38;2;37;142;104m=[38;2;42;151;109m=[38;2;47;167;114m=[38;2;40;133;95m=[38;2;110;162;104m=[38;2;150;174;100m*[38;2;82;67;32m`[38;2;90;71;38m::[38;2;87;72;38m:[38;2;87;71;38m::::[38;2;88;68;37m::[38;2;87;68;36m::::::[38;2;88;69;38m:[38;2;87;69;37m:[38;2;86;69;40m:[38;2;86;69;39m:::::::::[38;2;88;71;36m::[38;2;87;68;36m:[38;2;68;50;29m:[38;2;40;23;20m.        [38;2;37;21;23m. [38;2;25;21;30m`[38;2;58;145;116m`[38;2;53;195;141m+[38;2;53;196;140m+[38;2;49;190;138m+[38;2;43;183;131m+[38;2;42;179;128m+[38;2;41;177;126m+[38;2;45;182;130m+[38;2;49;191;136m+[38;2;52;197;137m+[38;2;54;190;132m+[38;2;48;168;116m=[38;2;40;145;101m=[38;2;38;134;96m-[38;2;38;131;95m-[38;2;37;133;96m-[38;2;35;134;96m-[38;2;35;137;99m-[38;2;42;156;112m=[38;2;48;166;118m=[38;2;40;153;109m=[38;2;38;147;106m==[38;2;36;149;107m=[38;2;44;165;118m=[0m
[38;2;49;179;144m+[38;2;47;176;141m+[38;2;47;171;139m++[38;2;46;168;133m=[38;2;45;161;129m=[38;2;42;149;118m=[38;2;38;137;108m=[38;2;41;140;108m=[38;2;53;160;124m=[38;2;60;178;140m+[38;2;55;176;139m+[38;2;53;172;135m+[38;2;49;170;131m+[38;2;73;205;151m*[38;2;137;248;189m#[38;2;146;246;188m%[38;2;120;245;175m#[38;2;93;242;164m#[38;2;73;228;152m*[38;2;60;203;138m*[38;2;44;149;104m=[38;2;31;110;80m-[38;2;40;144;102m=[38;2;70;208;143m*[38;2;84;227;160m*[38;2;56;174;123m+[38;2;30;110;80m-[38;2;33;107;82m-[38;2;36;121;92m-[38;2;34;121;90m-[38;2;31;110;83m-[38;2;29;100;78m-[38;2;28;94;77m:[38;2;26;92;75m::[38;2;26;93;76m:[38;2;28;96;76m::[38;2;30;100;80m:[38;2;30;100;78m:[38;2;30;98;79m::[38;2;28;96;75m:[38;2;28;95;76m:[38;2;28;97;77m:[38;2;35;108;86m-[38;2;39;127;95m-[38;2;29;97;72m-[38;2;121;168;103m+[38;2;159;185;107m*[38;2;88;73;38m`[38;2;89;69;37m::[38;2;87;71;37m:[38;2;88;71;38m:[38;2;89;72;39m::[38;2;88;70;38m::[38;2;87;69;38m:[38;2;88;69;38m:[38;2;87;69;38m::::::::::::::::::[38;2;83;67;36m:[38;2;72;55;29m:[38;2;49;29;19m.[38;2;35;20;21m.        [38;2;37;22;23m. [38;2;25;26;33m`[38;2;59;153;122m`[38;2;59;198;145m+[38;2;63;207;148m*[38;2;54;198;142m+[38;2;50;190;138m+[38;2;48;186;134m+[38;2;43;168;120m=[38;2;35;150;109m=[38;2;43;168;123m=[38;2;48;181;129m+[38;2;44;167;120m=[38;2;36;139;102m=[38;2;33;116;87m-[38;2;32;106;81m-[38;2;30;101;75m--[38;2;30;98;73m-[38;2;31;101;77m-[38;2;35;113;87m-[38;2;35;118;88m-[38;2;33;124;94m-[38;2;42;150;113m=[38;2;41;145;108m=[38;2;29;123;93m-[38;2;37;140;105m=[0m
[38;2;46;172;140m+[38;2;45;169;138m==[38;2;46;167;136m=[38;2;45;166;135m=[38;2;44;162;131m=[38;2;41;150;121m=[38;2;40;148;119m=[38;2;57;178;142m+[38;2;64;197;158m+[38;2;70;206;172m*[38;2;62;197;160m+[38;2;51;178;143m+[38;2;47;171;134m+[38;2;73;206;153m*[38;2;136;243;189m#[38;2;145;241;187m%[38;2;119;244;173m#[38;2;95;243;164m#[38;2;74;231;154m*[38;2;61;205;142m*[38;2;43;155;108m=[38;2;31;116;81m-[38;2;42;147;102m=[38;2;67;206;141m*[38;2;70;215;148m*[38;2;49;163;115m=[38;2;34;118;89m-[38;2;38;121;94m-[38;2;34;116;89m-[38;2;30;100;78m-[38;2;27;98;80m:[38;2;29;114;94m-[38;2;30;125;104m-[38;2;30;131;108m-[38;2;31;135;114m=[38;2;31;138;117m=[38;2;33;141;121m=[38;2;34;145;124m=[38;2;34;144;123m=[38;2;35;140;121m=[38;2;32;136;116m=[38;2;30;134;112m-[38;2;30;131;111m-[38;2;30;127;107m-[38;2;31;120;100m-[38;2;31;112;93m-[38;2;31;109;90m-[38;2;27;85;67m:[38;2;124;166;104m`[38;2;168;201;120m*[38;2;99;93;53m`[38;2;87;68;35m:[38;2;87;72;39m:[38;2;84;68;35m:[38;2;79;59;30m:[38;2;76;59;32m:[38;2;80;61;33m:[38;2;83;64;35m:[38;2;85;66;37m:::[38;2;85;68;38m:[38;2;89;71;41m::[38;2;86;69;39m:::::::[38;2;87;70;40m::[38;2;86;69;39m::::::[38;2;78;60;32m:[38;2;70;53;31m:[38;2;48;27;20m.         [38;2;38;24;26m.[38;2;32;19;26m.[38;2;26;28;34m`[38;2;61;157;121m`[38;2;55;187;136m+[38;2;56;198;142m+[38;2;52;195;141m+[38;2;56;199;143m+[38;2;53;198;141m+[38;2;48;176;128m+[38;2;31;131;98m-[38;2;31;122;99m-[38;2;38;140;114m=[38;2;39;143;119m=[38;2;38;139;117m==[38;2;37;134;114m=[38;2;35;130;109m-[38;2;35;128;107m--[38;2;35;125;103m-[38;2;34;120;99m-[38;2;33;116;96m-[38;2;33;123;100m-[38;2;36;140;109m--[38;2;33;125;99m-[38;2;33;121;97m-[0m
[38;2;36;143;115m===[38;2;36;137;112m==[38;2;36;138;111m==[38;2;41;144;117m=[38;2;53;174;142m+[38;2;55;189;152m+[38;2;56;188;154m+[38;2;52;181;145m+[38;2;49;175;140m+[38;2;46;173;135m+[38;2;68;205;150m*[38;2;128;247;186m#[38;2;133;246;183m#[38;2;100;241;168m#[38;2;78;232;155m*[38;2;67;223;149m*[38;2;60;201;138m+[38;2;40;151;107m=[38;2;30;114;82m-[38;2;43;147;103m=[38;2;65;207;140m*[38;2;68;215;147m*[38;2;47;160;114m=[38;2;30;111;85m-[38;2;32;111;87m-[38;2;34;119;94m-[38;2;31;115;95m-[38;2;33;125;108m-[38;2;35;149;126m=[38;2;32;160;132m==[38;2;33;164;135m=[38;2;34;162;139m=[38;2;33;162;140m=[38;2;34;163;138m==[38;2;33;159;136m=[38;2;33;156;133m===[38;2;33;155;130m==[38;2;33;150;127m=[38;2;36;153;127m=[38;2;34;120;95m-[38;2;123;164;104m+[38;2;171;205;122m*[38;2;100;98;54m`[38;2;85;68;36m:[38;2;88;73;39m:[38;2;86;70;39m::[38;2;83;66;34m:[38;2;80;62;35m:[38;2;76;58;35m:[38;2;73;56;31m.[38;2;72;54;30m.[38;2;68;52;27m.[38;2;59;42;22m..[38;2;67;51;28m:[38;2;81;64;37m:[38;2;85;68;37m:::::[38;2;83;67;37m:[38;2;81;65;35m:[38;2;81;63;34m:[38;2;83;66;36m:[38;2;86;68;38m::::::[38;2;82;66;36m:[38;2;48;28;18m.        [38;2;37;25;24m.[38;2;32;20;20m.[38;2;31;19;21m.[38;2;35;40;47m\[38;2;63;164;125m`[38;2;47;181;130m+[38;2;49;188;136m++[38;2;54;196;142m+[38;2;54;201;142m+[38;2;53;188;134m+[38;2;38;141;104m=[38;2;30;104;83m-[38;2;31;106;89m-[38;2;33;112;95m-[38;2;33;114;96m-[38;2;32;117;97m--[38;2;33;120;99m-----[38;2;32;117;94m-[38;2;30;115;91m----[38;2;32;113;89m-[0m
[38;2;43;142;109m=-[38;2;40;139;108m-[38;2;38;136;106m-[38;2;37;135;105m--[38;2;40;134;106m-[38;2;39;140;110m-[38;2;51;165;131m=[38;2;53;178;139m+[38;2;47;171;130m+[38;2;44;163;125m=[38;2;47;168;125m=+[38;2;52;185;135m+[38;2;71;218;154m*[38;2;66;210;147m*[38;2;49;186;129m+[38;2;46;173;120m=[38;2;46;169;118m=[38;2;42;159;114m=[38;2;37;136;98m-[38;2;36;122;90m-[38;2;41;143;104m=[38;2;55;185;129m+[38;2;60;193;136m+[38;2;42;149;108m=[38;2;26;109;81m-[38;2;29;109;85m-[38;2;31;120;93m-[38;2;31;125;101m-[38;2;35;142;117m=[38;2;35;154;127m=[38;2;32;158;130m==[38;2;34;159;132m===[38;2;33;161;132m==[38;2;32;159;133m=[38;2;33;158;131m==[38;2;33;154;130m====[38;2;35;163;134m=[38;2;37;130;101m-[38;2;140;185;118m*[38;2;141;165;89m/[38;2;79;72;31m/[38;2;86;70;39m::[38;2;92;73;38m::[38;2;90;71;37m:::[38;2;87;70;38m:::[38;2;82;65;38m:[38;2;73;57;33m:[38;2;63;46;27m:[38;2;71;54;30m:[38;2;82;65;34m:[38;2;86;69;39m:[38;2;82;65;37m:[38;2;79;59;32m::[38;2;75;58;35m:[38;2;77;59;35m:[38;2;80;61;36m:[38;2;85;65;38m:[38;2;87;68;38m:[38;2;85;67;36m:[38;2;84;69;35m:[38;2;86;69;37m::::[38;2;63;44;28m.       [38;2;33;20;18m.[38;2;32;21;20m.[38;2;48;40;37m.[38;2;70;73;78m-[38;2;43;60;68m:[38;2;59;177;134m+[38;2;47;192;137m+[38;2;53;197;143m+[38;2;50;192;138m+[38;2;49;191;137m+[38;2;56;199;143m+[38;2;55;194;141m+[38;2;42;154;113m=[38;2;29;106;82m-[38;2;29;93;74m::[38;2;28;90;72m:[38;2;28;89;70m:::[38;2;31;90;72m:[38;2;30;92;73m::[38;2;30;91;71m:::::[38;2;28;87;67m:[38;2;27;88;68m:[0m
[38;2;54;192;143m+[38;2;55;195;145m++[38;2;54;189;141m+[38;2;52;187;141m+[38;2;54;188;141m++[38;2;53;194;141m+[38;2;54;198;146m+[38;2;57;199;149m+[38;2;54;196;145m+[38;2;52;191;140m+[38;2;51;190;139m+[38;2;52;187;136m+[38;2;49;183;133m+[38;2;43;179;128m+[38;2;42;177;126m+[38;2;45;180;129m+[38;2;48;178;129m++[38;2;45;178;128m++[38;2;49;179;130m+[38;2;48;180;130m+[38;2;49;186;134m++[38;2;44;178;128m+[38;2;42;170;125m+[38;2;43;166;123m=[38;2;41;162;120m=[38;2;42;158;118m=[38;2;40;160;121m=[38;2;40;167;127m=[38;2;42;174;131m+[38;2;44;175;133m++[38;2;43;174;133m+[38;2;41;172;131m+[38;2;40;170;128m+[38;2;38;170;126m=[38;2;39;170;130m=[38;2;41;172;133m+++[38;2;42;170;134m++[38;2;40;173;133m+[38;2;42;160;126m=[38;2;57;118;87m:[38;2;134;159;100m+[38;2;67;63;27m/[38;2;63;51;35m.[38;2;50;40;26m.[38;2;50;39;25m.[38;2;64;49;28m.[38;2;81;61;31m:[38;2;88;66;30m:[38;2;89;69;32m:[38;2;89;69;36m::[38;2;87;68;37m:[38;2;88;69;35m:[38;2;87;71;33m:[38;2;90;73;36m::[38;2;87;70;36m::[38;2;77;60;35m:[38;2;76;56;34m:[38;2;82;62;38m:[38;2;87;67;38m:[38;2;88;69;36m:::[38;2;87;67;34m:[38;2;87;68;34m:[38;2;89;71;37m:[38;2;89;73;39m:[38;2;87;71;39m:::[38;2;88;72;40m:[38;2;84;67;38m:[38;2;48;29;21m.      [38;2;44;33;31m.[38;2;55;50;48m:[38;2;47;47;47m. [38;2;25;26;28m.[38;2;67;102;82m-[38;2;63;93;77m.[38;2;46;84;70m.[38;2;52;154;116m\[38;2;45;180;131m+[38;2;45;179;129m+[38;2;46;186;133m+[38;2;42;174;124m+[38;2;38;156;113m=[38;2;40;150;110m==[38;2;42;145;106m=[38;2;40;140;101m=[38;2;36;137;99m--[38;2;40;136;102m=[38;2;38;136;101m=[38;2;38;134;98m=-[38;2;36;130;97m-[38;2;37;127;95m-----[0m
[38;2;39;148;112m=[38;2;44;160;121m=[38;2;47;166;125m=[38;2;45;164;122m=[38;2;44;167;124m=[38;2;47;174;128m+[38;2;49;179;133m+[38;2;49;182;134m+[38;2;47;182;132m+[38;2;46;178;128m+[38;2;44;175;126m+[38;2;49;187;136m+[38;2;56;203;148m+[38;2;57;200;144m+[38;2;51;175;129m+[38;2;47;161;121m=[38;2;49;183;133m+[38;2;53;198;143m+[38;2;54;201;146m+++[38;2;53;210;150m*[38;2;53;212;151m**[38;2;59;216;152m*[38;2;55;210;148m*[38;2;47;194;139m+[38;2;43;180;132m+[38;2;40;170;129m=[38;2;37;160;122m=[38;2;37;153;115m=[38;2;34;144;110m=[38;2;36;149;116m=[38;2;42;169;127m=[38;2;45;174;131m+[38;2;43;167;127m=[38;2;41;160;123m=[38;2;42;163;125m==[38;2;36;149;115m=[38;2;37;142;112m=[38;2;37;150;117m=[38;2;43;167;130m=[38;2;44;170;131m=[38;2;39;162;126m=[38;2;37;156;122m=[38;2;39;150;116m=[38;2;44;115;96m-[38;2;63;93;74m:[38;2;112;131;108m+[38;2;88;94;88m-[38;2;54;56;51m-[38;2;44;43;43m-[38;2;41;40;43m-[38;2;45;42;45m-[38;2;55;52;50m:[38;2;75;66;56m.[38;2;89;71;44m:[38;2;88;67;29m:[38;2;90;70;35m:[38;2;86;68;37m:[38;2;86;67;35m:[38;2;88;69;38m:[38;2;74;59;33m:[38;2;86;68;35m:[38;2;89;69;37m:[38;2;77;59;34m:[38;2;75;56;32m:[38;2;88;69;36m::[38;2;89;74;42m:[38;2;88;74;46m:[38;2;86;74;45m:::[38;2;82;66;44m:[38;2;68;49;31m:[38;2;51;33;16m.[38;2;47;28;14m.  [38;2;57;42;26m.[38;2;75;58;38m:[38;2;65;48;34m:[38;2;35;21;18m.[38;2;37;23;22m.[38;2;35;19;18m. [38;2;46;32;30m.[38;2;55;49;44m:[38;2;49;43;41m. [38;2;37;22;17m.[38;2;65;47;27m.[38;2;78;60;36m:[38;2;66;41;27m:  [38;2;32;64;53m\[38;2;55;155;118m=[38;2;37;146;107m=[38;2;38;162;118m==[38;2;39;164;118m=[38;2;41;166;120m=[38;2;37;149;107m=[38;2;32;135;99m-[38;2;36;135;101m=[38;2;39;146;108m=[38;2;41;156;114m=[38;2;44;163;119m=[38;2;44;168;120m=[38;2;41;167;119m=[38;2;42;163;116m=[38;2;41;159;113m=[38;2;39;152;107m=[38;2;37;143;102m-[38;2;34;135;97m-[38;2;33;129;94m-[38;2;34;124;91m-[0m
[38;2;45;172;127m+[38;2;50;180;131m+[38;2;49;182;132m+[38;2;45;174;125m+[38;2;43;165;120m=[38;2;40;154;114m=[38;2;37;142;105m-[38;2;33;132;98m-[38;2;33;125;93m-[38;2;32;121;90m-[38;2;34;131;96m-[38;2;45;161;118m=[38;2;53;186;135m+[38;2;52;181;132m+[38;2;41;156;113m=[38;2;41;155;112m=[38;2;52;191;138m+[38;2;52;199;143m+[38;2;52;201;142m++[38;2;54;202;146m+[38;2;55;202;143m+[38;2;54;198;141m+[38;2;51;200;142m+[38;2;53;204;142m+[38;2;53;197;139m+[38;2;44;172;126m=[38;2;33;146;112m=[38;2;30;133;106m---[38;2;32;131;105m-[38;2;35;140;112m=[38;2;40;160;126m=[38;2;43;165;129m=[38;2;42;158;124m=[38;2;40;148;118m===[38;2;36;137;110m=[38;2;34;131;105m-[38;2;39;149;118m=[38;2;42;160;126m=[38;2;40;154;120m=[38;2;36;149;117m=[38;2;38;141;113m=[38;2;48;120;102m-[38;2;51;89;84m:[38;2;36;47;46m.[38;2;54;61;62m.[38;2;78;87;89m.      [38;2;52;52;54m:[38;2;82;75;63m-[38;2;85;66;34m:[38;2;82;64;31m:[38;2;70;55;32m::[38;2;52;40;23m.[38;2;86;68;38m::[38;2;66;49;25m:[38;2;88;70;37m:[38;2;85;78;53m:[38;2;68;66;54m-[38;2;52;49;46m.[38;2;42;38;39m.[38;2;37;32;33m. [38;2;43;39;41m.[38;2;48;47;51m.[38;2;49;41;50m-[38;2;56;48;59m:[38;2;46;33;36m.       [38;2;46;31;31m.[38;2;58;53;50m:[38;2;53;49;46m.[38;2;37;28;26m.  [38;2;62;41;20m.[38;2;87;65;28m:[38;2;49;35;20m.   [38;2;28;50;45m`[38;2;55;143;108m=[38;2;36;138;103m=[38;2;43;164;121m=[38;2;40;157;115m=[38;2;34;140;103m=[38;2;44;156;115m=[38;2;52;171;127m+[38;2;45;153;112m=[38;2;32;120;88m-[38;2;24;97;73m-[38;2;26;92;71m:[38;2;27;100;76m:[38;2;30;109;81m-[38;2;31;113;85m-[38;2;32;121;90m-[38;2;36;130;96m-[38;2;40;138;104m=[38;2;41;142;106m==[38;2;37;140;102m=[38;2;37;136;100m=[0m
[38;2;35;143;107m=[38;2;40;156;115m=[38;2;42;163;117m=[38;2;33;138;101m=[38;2;33;123;92m-[38;2;30;117;88m-[38;2;31;112;85m-[38;2;32;110;83m-[38;2;31;108;82m--[38;2;34;126;93m-[38;2;46;157;114m=[38;2;50;170;124m+[38;2;48;164;119m=[38;2;41;150;107m=[38;2;38;148;106m=[38;2;44;170;123m+[38;2;46;182;129m+[38;2;46;185;128m+[38;2;48;188;130m++[38;2;48;186;130m++[38;2;47;188;131m+[38;2;49;194;135m+[38;2;48;186;132m+[38;2;40;158;115m=[38;2;28;125;96m-[38;2;26;114;93m-[38;2;28;118;95m-[38;2;32;127;102m-[38;2;35;137;110m=[38;2;40;150;118m=[38;2;41;155;121m=[38;2;40;152;119m=[38;2;40;149;118m=[38;2;39;140;112m=[38;2;35;128;103m-[38;2;34;125;101m-[38;2;36;129;105m-[38;2;37;135;111m-[38;2;41;144;116m=[38;2;40;141;114m=[38;2;37;132;108m-[38;2;39;132;107m=[38;2;53;123;106m-[38;2;65;109;102m-[38;2;39;59;60m:           [38;2;75;71;66m:[38;2;48;36;21m.[38;2;34;20;8m.[38;2;38;26;16m.[38;2;62;48;34m.[38;2;70;51;32m.[38;2;57;37;20m.[38;2;46;31;18m.[38;2;67;70;64m:[38;2;32;33;42m.       [38;2;73;85;103m:[38;2;125;145;168m+[38;2;80;88;102m-[38;2;61;64;70m:    [38;2;46;30;28m.[38;2;60;59;59m:[38;2;54;56;55m:[38;2;38;32;31m.[38;2;35;19;18m.[38;2;39;20;20m.        [38;2;36;57;50m`[38;2;55;143;111m=[38;2;31;129;98m-[38;2;42;165;121m=[38;2;46;172;124m=[38;2;36;135;100m=[38;2;29;108;80m-[38;2;38;133;101m-[38;2;50;174;128m+[38;2;59;188;138m+[38;2;50;166;121m=[38;2;37;129;93m-[38;2;29;100;76m-[38;2;28;88;68m:[38;2;31;86;68m:[38;2;30;88;68m:[38;2;29;94;71m:[38;2;31;100;76m-[38;2;32;105;79m-[38;2;31;110;82m-[38;2;32;118;87m-[38;2;33;126;92m-[0m
[38;2;41;153;116m=[38;2;46;165;122m=[38;2;49;177;129m=[38;2;46;163;121m=[38;2;46;154;115m==[38;2;43;149;111m-[38;2;43;147;109m--=[38;2;47;160;117m=[38;2;50;171;125m=[38;2;50;172;125m=[38;2;49;170;122m=[38;2;46;163;118m=[38;2;43;157;114m=====[38;2;39;158;111m=[38;2;40;156;111m=[38;2;40;152;109m=[38;2;37;154;108m=[38;2;41;159;113m=[38;2;42;159;116m=[38;2;38;148;111m=[38;2;38;139;108m-[38;2;37;139;107m-[38;2;38;145;112m-[38;2;43;157;120m=[38;2;46;165;125m=[38;2;44;164;123m=[38;2;42;157;117m=[38;2;41;155;118m=[38;2;41;159;121m=[38;2;39;155;116m=[38;2;39;152;115m=[38;2;45;166;125m=[38;2;51;178;134m+[38;2;51;175;135m+[38;2;45;166;127m=[38;2;44;159;123m=[38;2;44;153;120m=[38;2;46;151;119m=[38;2;51;140;113m=[38;2;63;128;113m-[38;2;34;52;52m:            [38;2;54;56;56m:[38;2;26;24;21m.[38;2;75;79;67m-[38;2;84;80;63m-[38;2;71;66;52m:[38;2;57;48;45m.[38;2;58;61;63m:          [38;2;32;29;38m.[38;2;16;9;16m.[38;2;38;39;48m.[38;2;62;69;78m-  [38;2;60;59;59m.[38;2;60;66;65m-[38;2;38;36;34m. [38;2;39;20;19m.[38;2;42;21;20m.         [38;2;36;44;36m`[38;2;60;143;110m=[38;2;34;142;106m=[38;2;43;167;123m=[38;2;47;180;131m+[38;2;41;152;111m=[38;2;27;104;76m-[38;2;26;90;70m:[38;2;27;105;80m-[38;2;34;136;100m-[38;2;50;174;127m+[38;2;56;189;137m+[38;2;51;173;126m+[38;2;38;138;102m=[38;2;28;107;78m-[38;2;25;91;69m:[38;2;27;92;70m:[38;2;31;96;73m:[38;2;32;98;74m-[38;2;30;98;75m---[0m
[38;2;42;155;116m=[38;2;44;163;120m=[38;2;47;172;125m=[38;2;47;163;119m=[38;2;45;155;115m==[38;2;42;155;114m=[38;2;43;157;115m=[38;2;45;161;117m=[38;2;45;165;120m=[38;2;44;168;121m=[38;2;47;166;122m==[38;2;45;163;118m===[38;2;44;158;114m=[38;2;42;154;111m=[38;2;43;155;113m=[38;2;44;157;113m==[38;2;45;164;119m=[38;2;46;169;122m=[38;2;50;179;130m+[38;2;59;194;142m+[38;2;54;183;133m+[38;2;41;155;113m=[38;2;37;140;104m=[38;2;36;139;105m=[38;2;36;145;107m=[38;2;38;154;115m=[38;2;38;158;118m=[38;2;42;164;124m=[38;2;45;174;131m=[38;2;47;179;137m+[38;2;48;182;138m+[38;2;46;179;134m++[38;2;44;175;129m=[38;2;43;173;127m=[38;2;44;171;126m=[38;2;44;173;127m=[38;2;45;173;129m=[38;2;47;170;129m=[38;2;48;167;128m=[38;2;46;165;127m=[38;2;50;162;128m=[38;2;49;93;83m\            [38;2;57;60;57m: [38;2;95;96;61m-[38;2;89;70;30m:[38;2;91;71;39m:[38;2;75;58;38m:[38;2;69;77;73m:             [38;2;44;42;47m.[38;2;76;85;95m=[38;2;54;64;68m:[38;2;44;44;42m.[38;2;31;18;14m.[38;2;37;18;13m.            [38;2;27;39;37m`[38;2;56;149;111m=[38;2;37;150;112m=[38;2;40;164;121m=[38;2;44;175;127m+[38;2;42;166;120m=[38;2;36;143;104m=[38;2;38;137;102m=[38;2;39;137;104m=[38;2;36;137;102m=[38;2;36;146;105m=[38;2;43;164;119m=[38;2;51;181;132m+[38;2;51;186;134m+[38;2;47;167;121m+[38;2;39;146;108m=[38;2;37;137;102m=[38;2;37;135;100m=[38;2;37;133;99m=[38;2;38;135;100m=[38;2;39;136;101m==[0m
[38;2;33;104;82m-[38;2;34;114;87m-[38;2;38;124;93m-[38;2;33;110;84m-[38;2;30;95;75m-:[38;2;30;96;75m-[38;2;32;101;78m-[38;2;36;110;83m-[38;2;37;121;89m-[38;2;40;128;95m-[38;2;41;132;97m=[38;2;39;134;97m=[38;2;46;152;109m=[38;2;55;169;124m+[38;2;43;152;110m=[38;2;40;145;104m=[38;2;44;158;115m=[38;2;46;165;120m+[38;2;47;169;123m+[38;2;50;176;126m+[38;2;51;184;133m+[38;2;53;189;137m+[38;2;53;195;141m+[38;2;54;197;141m+[38;2;50;173;126m+[38;2;34;128;95m-[38;2;27;110;86m-[38;2;39;134;107m=[38;2;46;158;122m=[38;2;48;164;126m=[38;2;44;161;127m=[38;2;43;162;128m=[38;2;45;168;131m+[38;2;46;170;135m++++[38;2;43;167;130m+=[38;2;45;165;129m==[38;2;46;164;127m=[38;2;47;165;128m==[38;2;49;165;129m==[38;2;58;153;127m=[38;2;54;84;79m\[38;2;17;15;20m\         [38;2;38;42;39m.[38;2;34;37;41m.[38;2;55;56;43m.[38;2;109;107;59m-[38;2;81;63;29m:[38;2;93;74;37m:[38;2;68;39;14m.[38;2;47;44;42m.[38;2;43;49;55m.             [38;2;57;61;67m: [38;2;36;18;12m.[38;2;41;22;17m.            [38;2;26;37;37m/[38;2;64;148;115m/[38;2;52;167;124m=[38;2;34;136;103m=[38;2;35;141;106m=[38;2;41;161;117m==[38;2;36;146;106m=[38;2;30;128;94m-[38;2;31;120;90m-[38;2;33;116;87m-[38;2;31;115;86m--[38;2;30;125;92m-[38;2;37;153;110m=[38;2;44;165;120m=[38;2;43;166;120m=[38;2;47;177;128m+[38;2;51;184;131m+[38;2;47;171;123m=[38;2;37;148;107m=[38;2;34;136;99m-[38;2;36;134;98m-[0m
[38;2;31;97;78m:[38;2;32;99;80m:[38;2;34;100;81m-[38;2;33;98;78m:[38;2;33;93;74m:[38;2;31;91;72m:[38;2;33;90;72m:[38;2;33;93;73m:[38;2;34;97;75m:[38;2;35;101;76m-[38;2;36;105;80m-[38;2;38;109;83m-[38;2;39;126;93m-[38;2;57;168;122m=[38;2;66;182;132m+[38;2;52;159;117m=[38;2;53;163;121m=[38;2;58;177;132m+[38;2;61;185;137m+[38;2;64;191;139m+[38;2;65;192;139m+[38;2;60;185;134m+[38;2;54;173;127m+[38;2;52;162;121m=[38;2;52;157;117m=[38;2;49;145;113m=[38;2;41;123;100m-[38;2;44;125;103m-[38;2;57;153;123m=[38;2;57;160;128m=[38;2;54;150;121m=[38;2;47;140;114m-[38;2;42;133;107m-[38;2;44;133;108m---[38;2;42;134;109m-[38;2;44;140;112m=[38;2;49;150;121m=[38;2;52;154;125m=[38;2;51;153;124m=[38;2;46;142;116m=[38;2;43;131;108m-[38;2;42;128;106m-[38;2;44;131;109m-[38;2;46;136;112m=[38;2;50;143;117m=[38;2;50;150;123m=[38;2;63;137;120m=[38;2;72;100;90m-[38;2;54;61;61m.[38;2;28;29;34m\      [38;2;41;37;43m.[38;2;46;44;46m.[38;2;49;37;19m.[38;2;102;92;44m-[38;2;105;100;54m-[38;2;84;69;35m:[38;2;91;72;35m:[38;2;92;70;33m:[38;2;73;53;28m:[38;2;61;63;61m.[38;2;48;51;62m:           [38;2;52;55;58m:[38;2;36;34;30m.[38;2;36;21;14m.       [38;2;38;21;20m.     [38;2;39;63;59m/[38;2;72;181;138m/[38;2;61;203;146m+[38;2;47;170;124m=[38;2;41;146;109m=[38;2;40;141;108m=[38;2;40;150;112m=[38;2;40;157;114m=[38;2;38;150;109m=[38;2;37;134;101m-[38;2;36;124;94m-[38;2;37;119;92m-[38;2;37;117;91m--[38;2;34;122;92m-[38;2;38;139;104m=[38;2;45;150;113m=[38;2;39;149;110m=[38;2;41;161;117m=[38;2;50;182;131m+[38;2;54;190;138m+[38;2;48;173;126m+[38;2;36;145;107m=[38;2;36;131;101m=[0m
[38;2;41;89;78m:[38;2;44;89;80m--[38;2;48;89;80m-[38;2;47;87;80m-[38;2;44;83;77m--[38;2;46;81;75m-[38;2;43;80;73m-[38;2;42;79;70m----[38;2;40;83;71m.[38;2;39;81;69m.[38;2;39;77;68m...[38;2;38;81;69m...[38;2;39;78;68m.[38;2;39;76;67m.[38;2;39;73;67m.[38;2;40;72;66m.[38;2;40;71;64m::[38;2;41;67;66m:[38;2;39;65;64m::[38;2;38;62;63m:[38;2;39;59;61m:[38;2;37;58;59m::[38;2;36;53;54m:[38;2;33;50;50m:[38;2;30;48;49m....[38;2;32;49;50m..[38;2;31;47;48m..[38;2;32;46;49m.[38;2;31;47;49m..[38;2;32;50;52m.[38;2;19;38;39m.[38;2;69;95;69m-[38;2;163;193;139m*[38;2;71;74;55m\[38;2;54;50;49m.:[38;2;55;54;55m:[38;2;57;55;57m:[38;2;51;48;47m.[38;2;50;43;36m.[38;2;60;46;30m.[38;2;77;57;28m:[38;2;91;71;30m:[38;2;122;125;72m+[38;2;94;85;43m-[38;2;90;70;35m:[38;2;92;71;34m::[38;2;97;72;30m:[38;2;88;66;28m:[38;2;81;72;55m:[38;2;72;71;76m-[38;2;49;45;54m.        [38;2;47;48;51m:[38;2;37;34;33m. [38;2;39;22;19m.       [38;2;40;21;16m.     [38;2;51;90;77m-[38;2;52;117;97m.[38;2;48;106;90m.[38;2;45;99;83m.[38;2;44;92;80m--[38;2;45;99;87m=[38;2;47;109;93m=[38;2;48;115;96m=[38;2;47;114;95m=[38;2;48;111;95m==[38;2;51;111;96m=[38;2;48;114;95m-[38;2;48;115;96m-[38;2;49;116;97m-[38;2;51;119;100m-[38;2;53;123;102m-[38;2;50;122;100m-[38;2;51;125;101m...[38;2;48;120;99m-[38;2;47;116;96m-[0m
[38;2;21;29;30m...[38;2;22;29;32m..[38;2;24;31;36m.[38;2;25;32;36m....[38;2;25;37;41m...[38;2;27;40;43m.[38;2;28;43;45m.[38;2;28;47;46m.[38;2;32;48;48m....[38;2;35;50;52m..[38;2;36;54;55m.[38;2;37;55;56m..[38;2;38;56;57m.[38;2;40;58;59m.[38;2;40;60;59m.[38;2;41;61;62m.[38;2;42;64;63m.[38;2;42;66;65m.[38;2;45;67;68m.[38;2;46;69;69m..[38;2;48;71;70m.[38;2;49;73;73m.[38;2;49;76;74m.:[38;2;52;78;77m::[38;2;51;78;76m:[38;2;53;79;77m:[38;2;52;80;78m::::::[38;2;53;78;77m:[38;2;56;81;68m:[38;2;144;172;112m*[38;2;140;150;82m+[38;2;68;50;19m\[38;2;65;46;24m.[38;2;57;41;21m.[38;2;61;44;24m.[38;2;70;54;27m:[38;2;85;63;32m:[38;2;90;68;30m:[38;2;100;81;39m:[38;2;93;84;38m-[38;2;117;130;75m=[38;2;88;74;38m:[38;2;92;73;36m:[38;2;92;70;35m:[38;2;91;70;35m::[38;2;92;73;33m:[38;2;87;66;29m:[38;2;76;55;30m:[38;2;77;66;51m:[38;2;67;63;58m:[38;2;53;51;54m:[38;2;52;54;57m:[38;2;48;53;56m:[38;2;47;51;54m:[38;2;45;47;47m:[38;2;40;39;38m.   [38;2;39;22;20m.           [38;2;43;25;20m.[38;2;46;34;31m.[38;2;37;43;38m.[38;2;30;40;39m.[38;2;28;35;38m.[38;2;29;37;38m.[38;2;27;38;37m...[38;2;23;34;36m.[38;2;24;31;36m.[38;2;20;31;33m...[38;2;20;28;31m.[38;2;21;28;32m......[38;2;20;31;31m.[38;2;22;31;33m.[38;2;23;32;34m.[38;2;22;35;36m.[38;2;25;38;38m..[0m
[38;2;76;135;126m=[38;2;81;138;130m+[38;2;82;142;131m+[38;2;85;146;134m+[38;2;87;151;138m*[38;2;89;153;141m*[38;2;91;154;144m*[38;2;93;155;144m*[38;2;93;156;144m*[38;2;93;155;146m*[38;2;97;156;148m*[38;2;95;157;148m**[38;2;96;160;151m*[38;2;97;161;152m****[38;2;97;158;148m*[38;2;94;157;146m+[38;2;92;155;144m+[38;2;93;153;142m+[38;2;92;151;141m+[38;2;91;151;141m++[38;2;91;147;139m++[38;2;87;144;134m+[38;2;87;143;135m+++[38;2;85;138;132m+[38;2;82;136;130m+[38;2;81;133;127m+[38;2;80;131;126m+[38;2;78;129;124m+[38;2;78;127;122m===[38;2;76;123;119m=[38;2;77;123;120m==[38;2;76;122;119m===[38;2;78;122;120m==[38;2;79;124;120m=[38;2;85;130;124m=[38;2;70;108;102m=[38;2;63;86;61m:[38;2;157;185;120m*[38;2;122;125;67m\[38;2;86;65;28m:[38;2;97;76;39m:[38;2;96;75;38m:[38;2;100;78;38m:[38;2;84;64;29m:[38;2;114;117;73m-[38;2;122;130;83m=[38;2;109;110;62m=[38;2;110;113;58m=[38;2;94;78;39m-[38;2;93;72;38m::[38;2;90;73;38m::::[38;2;87;68;38m:[38;2;70;49;24m:[38;2;76;58;29m:[38;2;70;52;29m:[38;2;51;36;20m.[38;2;37;25;13m.                  [38;2;67;83;80m=[38;2;94;143;136m*[38;2;92;145;137m*[38;2;97;150;142m*[38;2;98;153;144m*[38;2;96;152;143m**[38;2;96;151;144m*[38;2;95;148;142m*[38;2;96;148;141m*[38;2;94;147;141m*[38;2;91;146;139m*[38;2;93;144;139m*[38;2;89;142;136m*[38;2;84;139;132m+[38;2;85;135;130m++[38;2;84;128;125m+[38;2;81;126;122m==[38;2;77;124;117m=[38;2;75;121;114m-[38;2;74;115;112m-[38;2;73;113;108m-[38;2;68;110;103m:[38;2;66;105;98m:[38;2;61;100;93m:[0m
[38;2;58;102;97m:.[38;2;55;96;91m.[38;2;54;92;87m.[38;2;50;89;85m.[38;2;48;85;81m.[38;2;45;82;79m.[38;2;43;78;76m.[38;2;42;73;71m.[38;2;41;69;68m.[38;2;40;66;65m.[38;2;37;65;63m.[38;2;35;63;61m.[38;2;36;60;59m.[38;2;37;57;59m.[38;2;36;55;59m..[38;2;34;51;57m.[38;2;33;50;54m..[38;2;30;47;51m.[38;2;32;46;51m..[38;2;30;44;47m.[38;2;29;42;46m..[38;2;29;39;44m.[38;2;29;40;43m.[38;2;27;40;41m...[38;2;27;38;40m.[38;2;27;37;39m.....[38;2;27;35;38m.[38;2;26;36;37m.[38;2;26;35;39m.[38;2;28;36;38m..[38;2;28;35;38m..[38;2;28;36;38m...[38;2;27;35;36m.[38;2;26;35;32m.[38;2;16;30;23m.[38;2;83;108;78m`[38;2;120;151;98m+[38;2;146;169;104m*[38;2;98;94;43m-[38;2;88;66;30m:[38;2;91;70;34m:[38;2;93;71;34m:[38;2;85;68;34m:[38;2;86;78;46m:[38;2;45;36;18m.[38;2;67;59;38m:[38;2;87;69;32m:[38;2;89;67;30m:[38;2;83;62;28m:[38;2;70;53;27m:[38;2;57;42;22m.[38;2;47;34;19m.[38;2;45;30;15m.[38;2;49;33;17m.[38;2;56;41;24m.[38;2;42;29;16m.[38;2;46;30;18m.[38;2;85;71;44m:[38;2;88;70;41m:[38;2;81;61;37m:[38;2;66;48;26m:[38;2;51;32;19m.                [38;2;16;19;21m.[38;2;14;22;24m..[38;2;17;28;29m.[38;2;21;33;34m.[38;2;27;41;43m.[38;2;31;49;50m.[38;2;33;53;52m.[38;2;35;57;57m.[38;2;38;61;61m.[38;2;41;65;66m.[38;2;43;68;70m.[38;2;44;73;73m..[38;2;47;78;77m.[38;2;47;82;79m.[38;2;49;84;81m.[38;2;51;88;85m.[38;2;53;91;87m:[38;2;55;94;87m:[38;2;56;98;91m:[38;2;58;101;95m:[38;2;60;102;98m:[38;2;63;106;102m:[38;2;64;110;104m:[38;2;66;113;106m:[38;2;68;116;110m:[0m
[38;2;25;35;37m....[38;2;28;36;38m...[38;2;28;38;41m.....[38;2;32;40;43m..[38;2;33;41;44m..[38;2;30;43;44m..[38;2;32;42;45m.[38;2;30;43;46m....[38;2;32;42;47m.....[38;2;31;41;45m...[38;2;30;40;43m.[38;2;29;39;43m.[38;2;30;40;44m.[38;2;29;39;43m...[38;2;31;39;44m...[38;2;29;40;43m.[38;2;31;39;42m..[38;2;31;40;42m.[38;2;30;39;43m..[38;2;25;34;35m.[38;2;30;44;37m.[38;2;30;49;37m.[38;2;27;52;39m.[38;2;42;70;43m`[38;2;146;181;119m`[38;2;134;163;92m=[38;2;131;142;82m+[38;2;82;65;28m:[38;2;90;71;35m:::[38;2;81;63;31m:[38;2;69;52;30m:[38;2;36;21;13m.          [38;2;32;16;10m.[38;2;67;50;29m:[38;2;88;70;40m:[38;2;88;68;36m::[38;2;87;68;40m:[38;2;47;33;15m.                       [38;2;18;24;24m.[38;2;19;28;27m.[38;2;23;31;31m.[38;2;29;36;38m.[38;2;29;38;40m..[38;2;32;38;44m..[38;2;30;38;44m.[38;2;31;38;41m..[38;2;28;37;39m.....[38;2;27;37;39m...[0m
[38;2;29;40;42m....[38;2;31;42;44m....[38;2;32;43;45m........[38;2;32;44;45m..[38;2;32;43;46m.[38;2;32;44;46m.[38;2;31;43;46m.[38;2;33;44;46m..........[38;2;32;43;45m.............[38;2;28;36;38m.[38;2;23;35;32m.[38;2;29;49;38m.[38;2;29;59;41m.[38;2;32;63;46m.[38;2;21;47;34m. [38;2;106;130;87m`[38;2;169;204;126m*[38;2;136;150;90m`[38;2;83;69;32m:[38;2;89;71;38m:[38;2;87;70;35m::[38;2;88;70;35m:[38;2;90;72;37m:[38;2;85;69;38m:[38;2;62;47;26m.[38;2;33;20;11m.      [38;2;44;29;21m.[38;2;54;39;24m.[38;2;64;48;28m.[38;2;79;62;36m:[38;2;86;69;37m::[38;2;86;67;36m:[38;2;88;70;39m:[38;2;64;50;28m:[38;2;35;21;12m.                          [38;2;19;27;29m.[38;2;24;37;34m.[38;2;28;40;39m.[38;2;34;41;45m.[38;2;37;43;49m.[38;2;37;44;47m..[38;2;35;45;48m..[38;2;36;46;48m......[0m
[38;2;34;44;46m...[38;2;34;43;46m.[38;2;35;45;47m.[38;2;35;46;48m....[38;2;34;45;46m.....[38;2;34;45;48m....[38;2;33;46;47m.........[38;2;31;46;47m.[38;2;33;46;47m.............[38;2;32;43;45m.[38;2;30;38;39m.[38;2;25;34;33m.[38;2;24;37;32m.[38;2;27;52;40m.[38;2;31;67;49m:[38;2;28;63;46m.[38;2;15;36;27m.  [38;2;36;47;30m\[38;2;162;194;126m\[38;2;143;159;94m+[38;2;85;70;35m:[38;2;89;71;39m::[38;2;89;72;37m:[38;2;90;71;39m:[38;2;86;67;36m:[38;2;83;66;36m:[38;2;84;66;40m:[38;2;52;35;19m.[38;2;56;41;29m.[38;2;62;44;28m.[38;2;58;37;22m.[38;2;66;47;31m:[38;2;75;56;33m:[38;2;81;63;36m:[38;2;86;68;40m:[38;2;89;71;41m::[38;2;87;69;38m:[38;2;88;69;36m:::[38;2;87;68;38m:[38;2;79;65;38m:[38;2;43;28;17m.                            [38;2;24;44;32m.[38;2;19;33;27m.           [0m
[38;2;33;43;46m.[38;2;33;44;46m..[38;2;34;43;46m.[38;2;34;44;46m......[38;2;31;46;47m..[38;2;32;45;47m..[38;2;31;45;47m..[38;2;31;45;49m..[38;2;31;45;45m...........[38;2;32;45;46m..[38;2;29;46;46m.....[38;2;32;44;46m.[38;2;34;43;45m.[38;2;35;45;47m.[38;2;33;42;44m.[38;2;28;37;38m.[38;2;25;37;33m.[38;2;23;41;31m.[38;2;25;55;39m.[38;2;27;66;46m:[38;2;27;68;45m::[38;2;24;59;43m.   [38;2;7;8;12m\[38;2;113;132;90m\[38;2;143;157;93m+[38;2;82;66;34m:[38;2;90;72;39m:[38;2;82;62;33m:[38;2;72;52;29m:[38;2;64;46;26m:[38;2;55;37;21m.[38;2;51;33;17m.[38;2;49;31;15m.[38;2;58;41;22m.[38;2;60;45;25m.[38;2;55;38;21m..[38;2;60;44;26m.[38;2;66;50;30m:[38;2;71;56;30m:[38;2;78;60;33m:[38;2;84;67;36m:[38;2;89;71;39m::::[38;2;86;69;35m:[38;2;86;69;36m:[38;2;82;63;37m:[38;2;42;24;15m.                            [38;2;23;46;32m.[38;2;25;51;37m.           [0m
[38;2;33;44;46m....[38;2;33;43;46m.[38;2;32;44;46m.[38;2;31;45;46m..[38;2;32;46;46m.[38;2;31;45;46m..............[38;2;32;46;47m.[38;2;31;45;46m.......[38;2;32;45;46m......[38;2;33;42;45m.[38;2;27;36;38m.[38;2;25;40;36m.[38;2;23;44;33m.[38;2;26;57;41m.[38;2;28;68;48m:[38;2;26;70;48m:[38;2;27;67;48m:[38;2;28;66;47m::[38;2;30;66;48m:[38;2;15;39;27m.   [38;2;49;59;46m\[38;2;121;128;80m=[38;2;80;65;31m:[38;2;87;70;37m:[38;2;66;46;24m.[38;2;55;39;23m.[38;2;55;40;22m.[38;2;57;41;22m.[38;2;55;38;24m.[38;2;61;47;31m.[38;2;54;38;22m.[38;2;42;24;11m.  [38;2;38;23;13m.  [38;2;43;27;16m.[38;2;46;30;17m.[38;2;56;40;21m.[38;2;72;54;32m:[38;2;85;67;36m:[38;2;85;69;35m::[38;2;88;71;38m:[38;2;59;45;22m.                             [38;2;21;38;28m.[38;2;24;51;36m.           [0m
[38;2;33;44;46m.[38;2;33;44;49m.[38;2;33;44;47m..[38;2;31;44;46m...........................[38;2;33;45;46m..[38;2;34;45;48m..[38;2;34;44;46m.[38;2;29;38;39m.[38;2;23;35;32m.[38;2;24;43;34m.[38;2;28;59;43m.[38;2;28;68;48m:[38;2;26;68;48m:::[38;2;26;68;47m:[38;2;26;67;46m:[38;2;28;66;47m::[38;2;26;60;43m.    [38;2;96;100;68m-[38;2;87;74;33m:[38;2;90;71;35m:[38;2;91;72;34m:[38;2;92;73;38m:[38;2;82;64;33m:[38;2;83;65;36m:[38;2;98;82;45m:[38;2;111;98;59m-[38;2;100;85;49m-[38;2;88;72;40m:[38;2;83;66;34m:[38;2;87;69;38m:[38;2;87;70;40m:[38;2;86;68;38m:[38;2;82;63;37m:[38;2;76;56;32m:[38;2;68;51;30m:[38;2;62;46;26m::[38;2;82;65;38m:[38;2;89;71;37m:[38;2;90;73;37m:[38;2;77;62;32m:[38;2;37;24;10m.                             [38;2;21;39;28m.[38;2;26;52;38m.           [0m
[38;2;33;44;47m.[38;2;33;44;48m.[38;2;33;44;47m.[38;2;31;45;46m.....................[38;2;32;44;46m..[38;2;31;45;46m.....[38;2;33;44;47m.[38;2;34;44;48m..[38;2;31;38;40m.[38;2;25;33;32m.[38;2;24;39;32m.[38;2;26;54;39m.[38;2;28;67;48m::[38;2;26;66;47m::::[38;2;25;68;46m:::[38;2;28;67;45m:.[38;2;19;36;29m.   [38;2;66;68;54m:[38;2;95;85;42m:[38;2;88;67;27m:[38;2;92;71;31m::[38;2;88;66;30m:[38;2;56;38;16m.[38;2;45;31;14m.[38;2;45;32;16m..[38;2;49;35;21m.[38;2;54;38;23m.[38;2;58;41;25m.[38;2;60;44;26m..[38;2;65;48;28m.[38;2;77;57;33m.[38;2;83;64;36m:[38;2;86;71;38m::[38;2;81;65;33m:[38;2;76;58;30m:[38;2;65;48;26m.[38;2;41;28;13m.                              [38;2;23;42;33m.[38;2;27;52;39m.           [0m
[38;2;34;46;50m..........[38;2;32;46;47m.......[38;2;31;46;48m.[38;2;31;46;47m..[38;2;32;45;47m........[38;2;33;45;48m.[38;2;33;45;46m..[38;2;35;44;48m.[38;2;33;40;43m.[38;2;26;34;33m.[38;2;23;36;31m.[38;2;26;51;38m.[38;2;27;64;46m.[38;2;29;67;48m:[38;2;27;66;47m:[38;2;28;67;48m:::[38;2;26;66;48m:[38;2;25;67;47m:[38;2;26;68;45m:[38;2;25;67;45m::[38;2;28;67;46m:[38;2;27;63;44m.    [38;2;23;27;29m.[38;2;101;97;67m=[38;2;92;68;25m:[38;2;90;66;27m:[38;2;93;69;31m:[38;2;92;70;33m:[38;2;83;64;31m:[38;2;54;38;20m.[38;2;45;31;19m.[38;2;46;30;21m..[38;2;42;25;18m.[38;2;39;22;14m.  [38;2;42;27;18m.[38;2;50;35;19m..                                    [38;2;25;43;34m.[38;2;24;48;35m.           [0m
[38;2;29;34;40m...........[38;2;29;37;40m........[38;2;29;38;44m......[38;2;32;40;44m....[38;2;31;44;47m.[38;2;31;41;44m.[38;2;28;35;38m.[38;2;27;42;37m.[38;2;26;56;40m.[38;2;29;63;45m.[38;2;28;67;49m:[38;2;26;66;46m::::::[38;2;26;68;47m:::[38;2;25;67;45m:::[38;2;27;60;44m.     [38;2;45;48;45m.[38;2;121;116;72m-[38;2;96;68;29m:[38;2;84;58;27m:[38;2;89;67;33m:[38;2;88;69;36m:[38;2;90;72;39m:[38;2;87;71;37m:[38;2;88;70;39m:[38;2;89;69;40m:[38;2;88;68;39m:[38;2;84;67;38m:[38;2;80;62;36m:[38;2;73;56;31m:[38;2;61;43;23m.[38;2;46;28;18m.                                     [38;2;24;44;32m.[38;2;18;36;28m.           [0m
                               [38;2;24;42;32m.[38;2;26;58;41m.[38;2;26;69;49m:[38;2;25;67;47m::::[38;2;26;68;46m::[38;2;26;67;46m:[38;2;26;68;46m::::[38;2;25;67;45m::[38;2;26;68;47m:[38;2;29;61;44m.      [38;2;62;69;54m\[38;2;153;174;115m*[38;2;116;113;67m=[38;2;83;64;33m:[38;2;88;71;39m:[38;2;87;69;35m::[38;2;87;69;36m:::::[38;2;87;72;37m:[38;2;90;72;38m:[38;2;88;69;39m:[38;2;79;61;33m:[38;2;72;54;31m:[38;2;72;54;38m:[38;2;48;31;21m.                                 [38;2;30;49;38m.            [0m
                             [38;2;24;32;28m.[38;2;28;50;38m.[38;2;26;65;45m.[38;2;25;68;46m:[38;2;26;66;47m::[38;2;26;68;45m::::[38;2;26;69;48m::::[38;2;27;68;46m:::::[38;2;28;64;43m:[38;2;19;29;28m.      [38;2;77;92;66m\[38;2;139;149;90m=[38;2;84;66;30m:[38;2;89;71;37m::[38;2;87;68;36m:[38;2;88;69;37m:::[38;2;87;70;37m:::[38;2;85;67;34m:[38;2;87;68;35m:[38;2;89;71;37m:[38;2;89;73;40m:[38;2;69;50;27m.                                 [38;2;22;30;27m.[38;2;31;49;38m.            [0m
                             [38;2;32;57;43m.[38;2;28;66;45m.[38;2;24;70;47m:[38;2;23;69;45m:[38;2;25;67;47m::[38;2;25;68;48m:[38;2;25;69;46m:::::[38;2;26;70;48m:[38;2;26;70;47m::[38;2;27;69;48m::::[38;2;30;67;47m:[38;2;22;35;32m.       [38;2;63;69;49m:[38;2;90;78;38m:[38;2;89;69;30m:[38;2;91;71;35m::[38;2;86;68;34m:[38;2;84;66;34m::[38;2;86;69;37m::[38;2;88;71;38m::[38;2;85;69;37m:[38;2;78;61;35m:[38;2;54;39;23m.                                  [38;2;28;39;32m.[38;2;25;35;29m.            [0m
                             [38;2;22;30;27m.[38;2;27;44;34m.[38;2;24;52;37m.[38;2;26;64;44m.[38;2;26;68;48m::[38;2;25;67;47m:[38;2;25;68;47m::::::::[38;2;26;69;48m:::[38;2;26;68;47m:[38;2;28;69;49m:[38;2;25;41;36m.         [38;2;40;31;23m.[38;2;47;34;24m.[38;2;46;32;21m.[38;2;42;28;18m.[38;2;40;26;16m..[38;2;44;28;17m.[38;2;48;33;19m.[38;2;52;38;23m.[38;2;56;39;24m.[38;2;47;32;19m.                                                  [0m
                                [38;2;28;47;36m.[38;2;30;58;43m.[38;2;26;59;42m.[38;2;27;66;47m.[38;2;25;69;47m::::::::::::[38;2;29;68;46m:[38;2;19;36;31m.                                                                      [0m
                         [38;2;22;32;27m.[38;2;26;37;30m.[38;2;23;32;27m. [38;2;25;44;34m.[38;2;30;58;43m.[38;2;31;63;46m:[38;2;27;58;42m.[38;2;18;42;29m.[38;2;20;39;27m.[38;2;22;45;31m.[38;2;25;54;38m.[38;2;26;64;44m:[38;2;24;69;46m:[38;2;25;68;48m:[38;2;24;68;47m::::::::[38;2;27;59;44m.                                                                       [0m
               [38;2;22;38;31m.[38;2;26;43;35m.[38;2;25;44;35m..[38;2;22;42;33m..[38;2;25;50;37m.[38;2;27;57;41m.[38;2;30;63;47m:[38;2;31;68;50m:::::::[38;2;29;66;45m:[38;2;25;59;41m.[38;2;23;55;39m.[38;2;30;62;45m:[38;2;28;56;41m.[38;2;24;45;33m.[38;2;25;51;37m.[38;2;28;59;42m.[38;2;26;59;42m.[38;2;27;66;47m.[38;2;26;68;48m:[38;2;24;68;46m:::::[38;2;27;69;49m:[38;2;20;46;33m.                                                                       [0m
     [38;2;22;25;26m.[38;2;48;67;63m.[38;2;72;106;96m-[38;2;56;93;78m=[38;2;29;60;46m:[38;2;25;53;40m.[38;2;29;58;44m:[38;2;31;63;47m:[38;2;31;69;50m:::::[38;2;28;72;49m::[38;2;32;71;49m:[38;2;30;71;49m:[38;2;28;72;49m:[38;2;29;69;48m:[38;2;24;59;40m.[38;2;23;55;37m.[38;2;26;62;44m.[38;2;28;66;47m:[38;2;29;66;49m:[38;2;26;63;45m.[38;2;24;58;41m.[38;2;25;55;39m.[38;2;29;61;44m.[38;2;30;68;49m:[38;2;28;65;47m:[38;2;27;61;44m.[38;2;27;60;43m.[38;2;24;51;35m.[38;2;20;38;28m.[38;2;18;33;26m.[38;2;24;44;33m.[38;2;29;59;43m.[38;2;28;67;47m:[38;2;27;67;45m:::[38;2;27;67;48m:[38;2;27;63;45m.                                                                        [0m
  [38;2;29;45;40m.[38;2;45;67;57m:[38;2;45;74;63m-[38;2;64;110;92m=[38;2;73;132;107m=[38;2;47;102;79m:[38;2;28;75;52m:[38;2;27;70;50m:[38;2;28;71;48m:[38;2;27;69;48m:[38;2;28;68;46m::[38;2;27;67;45m:[38;2;26;68;47m:::[38;2;25;67;45m::[38;2;30;68;48m:[38;2;29;66;47m:[38;2;22;53;37m.[38;2;14;36;23m. [38;2;27;55;41m.[38;2;29;66;48m:[38;2;25;63;45m:[38;2;25;57;40m.[38;2;24;57;39m.[38;2;27;61;44m.[38;2;29;66;48m:[38;2;29;68;50m:[38;2;28;66;48m:[38;2;29;65;47m.[38;2;27;55;39m.[38;2;20;39;27m.     [38;2;25;53;40m.[38;2;25;58;41m.[38;2;27;65;45m.:[38;2;28;66;47m:[38;2;30;59;43m.                                                                        [0m
[38;2;27;59;44m.[38;2;33;68;49m:[38;2;26;53;38m.[38;2;31;55;43m.[38;2;31;68;49m::[38;2;23;61;42m::[38;2;27;68;46m::[38;2;26;67;47m:[38;2;25;68;48m:[38;2;28;66;47m:[38;2;21;53;37m.[38;2;28;64;45m.[38;2;27;69;44m::::[38;2;27;67;47m.[38;2;23;51;38m.  [38;2;29;42;34m.[38;2;32;64;47m.[38;2;27;61;44m.[38;2;23;52;36m.[38;2;25;57;41m.[38;2;27;64;43m:[38;2;29;70;48m:::::[38;2;28;61;44m.[38;2;20;39;32m.        [38;2;24;40;33m.[38;2;27;58;41m.[38;2;27;66;45m.[38;2;29;65;48m.[38;2;18;42;29m.                                                                       [0m
[38;2;30;70;50m:[38;2;17;38;25m.[38;2;17;35;24m.[38;2;29;64;47m.[38;2;26;68;47m::[38;2;28;70;48m::[38;2;27;69;46m:[38;2;26;69;48m::[38;2;28;68;49m:[38;2;16;44;29m.[38;2;16;41;27m.[38;2;30;66;48m.[38;2;26;67;46m:[38;2;27;69;47m::[38;2;22;54;38m.[38;2;13;33;23m. [38;2;21;29;27m.[38;2;30;51;40m.[38;2;29;58;41m.[38;2;22;48;34m. [38;2;26;45;33m.[38;2;27;53;39m......[38;2;16;39;27m.           [38;2;23;31;26m.[38;2;25;47;34m.[38;2;27;60;43m.[38;2;28;54;41m.                                                                       [0m
[38;2;16;37;26m.[38;2;17;31;21m.[38;2;34;67;50m:[38;2;27;69;48m:[38;2;26;68;46m:[38;2;24;66;44m.[38;2;26;68;46m:[38;2;28;69;48m:[38;2;27;69;46m:[38;2;27;68;48m:[38;2;29;69;50m:[38;2;23;51;37m. [38;2;24;55;39m.[38;2;28;68;47m:[38;2;28;69;48m.[38;2;28;60;43m.[38;2;15;37;25m. [38;2;24;42;32m.[38;2;26;46;35m.[38;2;28;55;39m.[38;2;27;62;43m.[38;2;24;55;38m.[38;2;25;50;35m.[38;2;28;56;40m..[38;2;24;54;36m..[38;2;25;51;36m.[38;2;27;54;39m..[38;2;22;50;35m.[38;2;22;46;33m.[38;2;24;46;36m.[38;2;25;45;34m.[38;2;24;42;32m...[38;2;23;38;30m. [38;2;18;33;26m.[38;2;23;40;32m.[38;2;20;35;28m.[38;2;18;31;24m.[38;2;19;31;23m.[38;2;24;45;32m.[38;2;28;59;42m.[38;2;17;32;23m.                                                                       [0m
 [38;2;31;64;46m.[38;2;27;68;48m:[38;2;28;69;48m:[38;2;30;67;46m:[38;2;19;54;36m.[38;2;26;67;47m:[38;2;27;69;47m:[38;2;26;68;49m:[38;2;29;69;50m:[38;2;26;60;42m.[38;2;11;35;22m.[38;2;24;52;38m.[38;2;29;69;49m:[38;2;29;64;47m.[38;2;22;46;35m.  [38;2;34;59;44m.[38;2;25;59;42m.[38;2;26;66;46m.[38;2;27;68;46m::::[38;2;27;69;48m:::[38;2;27;70;47m:[38;2;27;70;50m::[38;2;28;70;48m::[38;2;27;72;48m:[38;2;29;71;50m::::::::::[38;2;28;67;48m:[38;2;30;65;47m:[38;2;31;67;49m:[38;2;30;52;40m.                                                                        [0m
[38;2;31;62;45m.[38;2;26;69;48m:[38;2;27;67;46m:[38;2;30;68;49m:[38;2;27;59;43m.[38;2;21;50;34m.[38;2;28;69;50m:[38;2;25;68;48m::[38;2;27;62;45m.[38;2;20;45;31m.[38;2;24;57;41m.[38;2;28;70;50m.[38;2;24;57;40m.   [38;2;24;38;29m.[38;2;28;56;40m.[38;2;28;67;48m:[38;2;24;68;48m::[38;2;25;69;46m:::[38;2;26;68;49m::[38;2;26;68;47m::[38;2;25;68;48m:[38;2;27;68;47m:[38;2;28;68;49m:[38;2;27;68;48m:[38;2;27;67;48m:[38;2;26;64;46m:[38;2;24;62;42m:[38;2;22;60;42m.[38;2;22;59;41m.[38;2;23;62;43m.[38;2;24;66;46m:[38;2;26;68;48m::[38;2;26;68;47m:[38;2;26;68;48m:[38;2;28;66;48m:[38;2;28;66;47m:[38;2;31;62;45m:                                  [38;2;28;55;42m.[38;2;31;66;47m:[38;2;31;63;47m:[38;2;29;57;43m:[38;2;25;52;39m.[38;2;22;46;34m.                                 [0m
[38;2;28;68;47m:[38;2;26;68;45m:[38;2;28;68;47m:[38;2;30;68;50m:[38;2;21;49;34m.[38;2;27;58;42m.[38;2;27;69;49m:[38;2;27;67;48m:[38;2;27;61;44m.[38;2;23;52;37m.[38;2;31;63;47m.[38;2;29;65;47m.[38;2;18;44;31m.    [38;2;27;48;36m.[38;2;30;60;44m.[38;2;27;66;48m:[38;2;24;68;46m::::[38;2;26;68;48m::[38;2;26;68;47m:[38;2;26;68;48m:[38;2;26;68;46m:[38;2;27;68;48m:[38;2;29;67;46m:[38;2;27;62;45m.[38;2;26;59;42m.[38;2;24;55;39m.[38;2;22;51;36m.[38;2;22;55;38m.[38;2;24;57;40m.[38;2;27;62;44m:[38;2;27;66;47m:[38;2;26;68;47m:[38;2;26;68;48m::[38;2;27;70;47m:[38;2;27;69;49m:[38;2;27;67;48m:[38;2;32;64;47m.                               [38;2;20;35;29m.[38;2;26;48;36m.[38;2;30;58;43m.[38;2;31;66;47m:[38;2;27;66;46m:[38;2;27;63;44m:[38;2;24;58;40m.[38;2;27;63;45m.[38;2;28;63;46m.:[38;2;29;66;47m:[38;2;29;68;49m:[38;2;28;67;48m:[38;2;29;65;45m:[38;2;27;60;43m.[38;2;25;54;39m.[38;2;23;45;34m.[38;2;20;35;28m.       [38;2;25;40;32m.[38;2;32;58;44m.[38;2;22;42;32m.               [0m
[38;2;28;68;46m:[38;2;26;68;45m:[38;2;29;70;48m:[38;2;27;56;41m.[38;2;20;49;33m.[38;2;30;67;49m:[38;2;27;67;48m:[38;2;28;66;48m:[38;2;27;63;45m:[38;2;31;66;48m.[38;2;25;58;41m.    [38;2;29;44;36m.[38;2;28;48;36m.[38;2;25;53;38m.[38;2;27;63;45m.[38;2;27;67;47m:[38;2;25;68;45m::[38;2;29;68;45m:::::[38;2;27;66;45m:[38;2;27;63;43m.[38;2;26;56;41m.[38;2;26;53;38m..[38;2;27;62;45m:[38;2;27;66;47m:[38;2;27;67;48m:[38;2;28;69;49m:[38;2;27;69;49m::[38;2;26;70;47m::::[38;2;28;67;46m:[38;2;28;68;48m:[38;2;28;67;48m.[38;2;16;34;26m.                            [38;2;24;39;32m.[38;2;28;54;40m.[38;2;29;67;48m:[38;2;28;71;51m:[38;2;27;71;49m::[38;2;27;69;47m:[38;2;28;69;47m::[38;2;27;67;46m:[38;2;28;66;45m:[38;2;27;62;44m:[38;2;26;54;39m.[38;2;24;51;36m..[38;2;25;53;38m.[38;2;26;61;42m.[38;2;27;65;44m:[38;2;30;69;47m:[38;2;31;72;50m:[38;2;30;70;50m:[38;2;30;65;47m:[38;2;29;58;42m.[38;2;27;51;37m.[38;2;23;43;33m.[38;2;18;37;28m. [38;2;20;41;31m.[38;2;32;66;49m.[38;2;26;61;44m.[38;2;30;54;41m.               [0m
[38;2;26;68;46m::[38;2;29;67;47m:[38;2;17;46;30m.[38;2;26;60;42m.[38;2;28;68;48m:[38;2;28;67;48m:[38;2;27;67;48m:[38;2;31;66;48m.[38;2;23;49;35m.   [38;2;22;35;29m.[38;2;32;61;45m.[38;2;31;63;46m.[38;2;25;47;34m.[38;2;25;55;39m.[38;2;27;65;46m.:[38;2;27;68;46m:[38;2;28;67;46m:::[38;2;25;62;42m:[38;2;24;59;40m....[38;2;26;60;43m.[38;2;27;65;47m:[38;2;27;68;49m::::[38;2;26;68;47m:[38;2;26;68;48m:[38;2;27;67;48m:[38;2;27;69;47m::::[38;2;29;67;47m:[38;2;29;68;48m:[38;2;17;41;29m.                          [38;2;22;41;34m.[38;2;29;56;42m.[38;2;29;66;47m:[38;2;29;72;51m:[38;2;27;72;48m:[38;2;25;70;47m:[38;2;26;68;48m::[38;2;27;69;47m:::::::[38;2;28;68;48m:[38;2;29;66;48m:[38;2;28;61;44m.[38;2;26;54;39m..[38;2;23;45;32m..[38;2;22;50;35m.[38;2;25;56;40m.[38;2;25;62;44m.[38;2;27;65;46m:[38;2;30;69;48m:::[38;2;29;68;47m:[38;2;29;69;49m:[38;2;27;67;46m:[38;2;28;64;47m:[38;2;28;58;43m.[38;2;28;49;37m.              [0m
[38;2;26;68;46m:[38;2;28;70;47m:[38;2;26;61;42m.[38;2;17;46;31m.[38;2;28;66;47m:[38;2;26;66;47m::[38;2;28;66;47m:[38;2;19;42;30m.   [38;2;30;54;40m.[38;2;34;68;49m:[38;2;29;69;49m:[38;2;27;56;40m.[38;2;26;48;35m.[38;2;26;57;41m.[38;2;29;67;48m:[38;2;28;66;46m::[38;2;30;62;43m.[38;2;26;55;39m.[38;2;21;56;38m.[38;2;24;58;41m.[38;2;25;62;44m:[38;2;25;65;46m::[38;2;26;69;49m:::[38;2;26;68;47m:::[38;2;26;68;48m:[38;2;26;68;46m:[38;2;26;68;48m:[38;2;27;68;47m:::[38;2;26;70;48m:[38;2;26;67;48m:[38;2;30;68;49m:[38;2;22;46;33m.                        [38;2;20;34;28m.[38;2;25;53;40m.[38;2;28;67;47m:[38;2;29;72;51m:[38;2;27;71;50m::[38;2;26;70;47m:::::[38;2;25;67;45m:[38;2;26;68;46m:::::::[38;2;27;67;48m:[38;2;28;68;49m:[38;2;27;69;49m:[38;2;28;67;48m:[38;2;29;64;47m:[38;2;25;62;43m.[38;2;23;58;40m.[38;2;25;59;42m.[38;2;22;52;37m.[38;2;22;49;35m...[38;2;26;56;38m.[38;2;27;66;45m:[38;2;27;71;48m:[38;2;26;70;47m:[38;2;29;68;47m:[38;2;26;59;42m.[38;2;30;60;45m.              [0m
[38;2;26;69;49m:[38;2;28;69;48m:[38;2;22;55;38m.[38;2;26;59;42m.[38;2;28;67;48m:[38;2;26;66;47m:[38;2;30;65;47m.[38;2;19;38;28m.  [38;2;28;43;32m.[38;2;32;66;49m:[38;2;28;69;49m:[38;2;25;67;47m:[38;2;30;68;49m:[38;2;24;44;32m.[38;2;31;51;39m.[38;2;28;61;45m.[38;2;29;67;48m::[38;2;28;67;46m::[38;2;27;66;47m:[38;2;26;69;48m::[38;2;25;68;47m::[38;2;26;69;48m:::[38;2;27;69;46m::::[38;2;26;68;48m::[38;2;26;68;46m:[38;2;27;67;46m:[38;2;26;69;47m::[38;2;26;68;48m:[38;2;31;68;49m:[38;2;27;50;38m.                      [38;2;22;37;32m.[38;2;26;52;41m.[38;2;31;65;48m:[38;2;30;70;50m:[38;2;27;71;49m:[38;2;28;70;45m:[38;2;27;70;45m::[38;2;27;71;48m::[38;2;26;70;47m::::[38;2;26;67;45m:[38;2;26;68;46m:::::::[38;2;26;68;48m::::::[38;2;28;70;50m:::[38;2;27;66;47m:[38;2;24;58;42m.[38;2;26;54;39m.[38;2;31;53;39m. [38;2;18;42;29m.[38;2;24;58;40m.[38;2;29;65;47m..[38;2;28;62;44m.[38;2;23;45;34m.             [0m
[38;2;28;69;49m:[38;2;25;62;44m.[38;2;24;55;39m.[38;2;30;65;47m.[38;2;26;67;47m:[38;2;29;67;47m:[38;2;19;37;28m.  [38;2;32;60;44m.[38;2;33;68;50m:[38;2;25;61;43m.[38;2;26;65;46m.[38;2;29;66;48m.[38;2;15;36;23m.[38;2;22;34;24m.[38;2;28;52;38m.[38;2;27;65;47m:[38;2;26;68;48m:[38;2;26;68;46m::::::::[38;2;26;68;48m::[38;2;26;70;47m:::::[38;2;26;69;48m::[38;2;26;68;47m::::[38;2;30;68;49m:[38;2;29;55;41m.                     [38;2;26;48;39m.[38;2;28;62;46m:[38;2;27;70;49m::[38;2;26;70;47m::[38;2;26;67;46m:[38;2;27;69;47m::::::::::::::::[38;2;26;68;48m:::::[38;2;26;69;47m:[38;2;29;68;47m:[38;2;29;67;47m:::.[38;2;26;60;42m.[38;2;25;54;39m.     [38;2;21;38;29m.[38;2;24;44;34m.[38;2;21;34;29m.    [38;2;26;42;33m.[38;2;25;46;37m.[38;2;20;33;29m.      [0m
[38;2;28;66;47m:[38;2;25;65;46m:::[38;2;29;67;49m.[38;2;15;37;25m. [38;2;25;47;36m.[38;2;33;67;49m:[38;2;27;64;46m.[38;2;21;56;38m.[38;2;28;62;45m.[38;2;25;57;41m. [38;2;17;33;22m.[38;2;26;47;34m.[38;2;26;59;42m.[38;2;27;67;47m::[38;2;26;68;46m::::::::[38;2;26;68;49m:[38;2;26;68;46m:::[38;2;26;68;48m:::[38;2;26;70;46m::[38;2;26;68;48m::[38;2;26;67;47m:[38;2;26;68;47m.[38;2;29;59;45m.                   [38;2;23;45;34m.[38;2;28;60;44m.[38;2;30;68;49m::[38;2;26;69;48m:[38;2;26;70;46m::::[38;2;28;69;47m:[38;2;27;69;47m::::::::::::::::[38;2;26;68;48m:[38;2;26;68;46m::[38;2;27;69;49m:::[38;2;28;67;48m::[38;2;27;61;43m.[38;2;28;58;42m.[38;2;23;44;33m.            [38;2;29;45;38m.[38;2;28;50;38m.     [38;2;20;43;34m.[38;2;23;54;41m.[38;2;26;58;42m:.[0m
[38;2;27;66;47m:[38;2;28;68;48m:[38;2;27;68;48m:[38;2;30;67;48m:[38;2;20;39;29m. [38;2;29;61;44m.[38;2;31;69;50m:[38;2;25;61;43m.[38;2;23;57;40m.[38;2;29;63;46m.[38;2;26;53;38m.[38;2;18;40;27m.[38;2;28;58;42m.[38;2;27;53;39m.[38;2;25;50;36m.[38;2;27;64;46m.[38;2;28;67;46m:::[38;2;27;68;46m::::::[38;2;26;69;48m:[38;2;26;70;47m:::[38;2;26;70;48m::::[38;2;27;68;47m::[38;2;26;68;48m:[38;2;26;67;48m:[38;2;29;67;48m:[38;2;29;62;46m.[38;2;15;30;23m.                [38;2;23;33;28m.[38;2;26;52;38m.[38;2;29;65;46m:[38;2;28;69;49m:[38;2;27;69;48m:[38;2;28;68;48m:[38;2;28;67;46m:[38;2;26;68;46m:::::::::::::::::::::::::[38;2;27;66;44m:[38;2;29;62;43m.[38;2;26;57;41m.[38;2;24;52;37m.[38;2;22;47;33m.[38;2;15;34;24m.            [38;2;28;47;39m.[38;2;28;53;41m.[38;2;16;37;27m.    [38;2;29;52;41m.[38;2;31;67;49m:[38;2;28;72;51m:[38;2;27;72;51m:[38;2;26;71;50m::[0m
[38;2;28;66;47m:[38;2;29;68;49m:[38;2;30;67;49m:[38;2;19;42;28m.[38;2;21;40;28m.[38;2;35;65;50m.[38;2;27;62;44m:[38;2;23;57;40m.[38;2;27;65;46m..[38;2;22;55;38m.[38;2;24;53;38m.[38;2;31;67;49m::[38;2;23;45;32m.[38;2;26;53;39m.[38;2;29;66;48m:[38;2;29;66;46m:[38;2;27;68;46m:[38;2;28;67;46m:[38;2;28;68;46m:[38;2;26;68;46m:::::::[38;2;26;70;48m:[38;2;26;70;47m:[38;2;26;70;48m::::::::[38;2;31;64;47m.                [38;2;24;42;35m.[38;2;29;59;45m.[38;2;30;68;48m::[38;2;29;67;48m:[38;2;26;67;46m:[38;2;26;68;46m:[38;2;26;68;48m::::[38;2;25;69;47m::::::::::::::::::[38;2;28;67;46m:::[38;2;28;62;44m.[38;2;30;65;47m:[38;2;24;53;38m.[38;2;21;41;30m.              [38;2;27;46;37m.[38;2;30;56;43m.[38;2;19;40;31m.    [38;2;24;49;37m.[38;2;31;68;49m.[38;2;27;65;45m:[38;2;24;60;42m.[38;2;24;64;45m::[38;2;28;68;48m::[0m
[38;2;28;70;49m:[38;2;28;63;45m.[38;2;17;43;28m.[38;2;25;47;34m.[38;2;34;67;50m.[38;2;22;56;39m.[38;2;22;52;37m.[38;2;29;64;47m:[38;2;27;64;46m.[38;2;26;61;43m.[38;2;28;63;46m:[38;2;30;69;50m::[38;2;27;60;42m.[38;2;24;45;33m.[38;2;30;60;44m.[38;2;29;66;47m::[38;2;28;68;47m::::[38;2;26;68;46m:::::[38;2;26;68;48m::[38;2;25;69;46m::[38;2;25;68;48m:::::[38;2;29;68;48m:[38;2;30;65;47m.[38;2;16;37;27m.              [38;2;25;54;38m.[38;2;29;67;47m:[38;2;28;71;50m:[38;2;27;68;48m:[38;2;28;67;48m:[38;2;28;67;46m:[38;2;27;67;46m:[38;2;26;68;46m::[38;2;26;68;48m::::[38;2;25;69;47m::::::::::::::[38;2;28;68;47m:[38;2;27;67;48m:[38;2;28;67;48m:[38;2;31;68;49m:[38;2;28;60;44m.[38;2;25;51;36m.[38;2;22;45;33m.[38;2;18;36;26m.               [38;2;21;35;28m.[38;2;33;60;45m.[38;2;25;50;38m.    [38;2;22;40;30m.[38;2;32;62;45m.[38;2;27;62;43m.[38;2;20;45;31m.[38;2;18;41;28m.[38;2;21;46;32m.[38;2;25;56;40m.[38;2;27;66;46m:[38;2;28;68;46m:[38;2;29;69;49m:[0m
[38;2;16;49;34m.[38;2;13;38;25m.[38;2;25;54;39m.[38;2;33;65;49m.[38;2;23;51;36m.[38;2;25;55;38m.[38;2;31;66;49m:[38;2;23;57;39m.[38;2;25;61;43m.[38;2;29;67;49m::[38;2;29;68;48m:[38;2;29;65;45m.[38;2;20;43;30m.[38;2;28;49;36m.[38;2;29;62;44m.[38;2;28;68;46m:[38;2;28;67;46m:[38;2;29;68;47m::::[38;2;26;68;46m::::::[38;2;26;68;48m::::::[38;2;25;67;48m:[38;2;27;68;47m:[38;2;31;62;46m.[38;2;17;36;29m.            [38;2;25;40;34m.[38;2;29;59;44m.[38;2;27;70;48m:[38;2;28;72;50m:[38;2;27;69;48m:[38;2;26;68;46m::[38;2;29;68;47m:[38;2;28;67;46m:[38;2;27;67;46m:[38;2;27;69;47m:[38;2;27;68;48m::::::[38;2;26;70;47m:::[38;2;27;70;48m:[38;2;27;69;47m::::::[38;2;28;67;43m:[38;2;26;66;43m:[38;2;26;63;43m.[38;2;30;65;47m..[38;2;22;50;35m.[38;2;23;44;33m.                  [38;2;22;42;34m.[38;2;32;62;47m.[38;2;18;38;29m.    [38;2;30;54;41m.[38;2;31;65;47m:[38;2;22;55;38m.[38;2;18;49;33m.[38;2;23;55;39m.[38;2;26;65;46m:[38;2;27;68;48m:[38;2;29;69;50m::[38;2;27;66;45m:[38;2;25;61;42m:[0m
 [38;2;31;61;45m.[38;2;31;64;47m.[38;2;21;49;34m.[38;2;26;58;42m.[38;2;31;68;48m:[38;2;24;60;43m.:[38;2;29;67;48m:[38;2;30;68;48m.[38;2;29;63;47m.[38;2;22;48;35m.  [38;2;28;50;36m.[38;2;26;61;41m:[38;2;28;68;47m:[38;2;28;67;46m:[38;2;29;68;47m:::[38;2;26;68;46m:::[38;2;26;68;48m::::::::::[38;2;26;68;47m.[38;2;29;60;44m.[38;2;15;33;25m.           [38;2;27;46;37m.[38;2;32;63;47m:[38;2;30;70;50m::[38;2;27;68;46m:::::[38;2;29;68;47m:[38;2;27;67;46m:[38;2;27;68;46m::[38;2;26;68;48m::::::[38;2;26;70;47m::[38;2;28;69;47m:[38;2;27;68;47m:::[38;2;27;67;46m:[38;2;28;66;46m:[38;2;26;63;43m:[38;2;29;64;44m.[38;2;26;61;41m.[38;2;23;51;35m.[38;2;22;45;34m.[38;2;18;37;28m.                    [38;2;26;46;37m.[38;2;31;59;45m.    [38;2;23;45;34m.[38;2;30;65;46m.[38;2;27;65;46m.[38;2;23;56;39m.[38;2;25;59;42m.[38;2;28;70;50m:[38;2;27;71;50m:[38;2;27;65;43m:[38;2;29;61;44m.[38;2;24;52;38m.[38;2;18;39;28m.  [0m
[38;2;32;63;47m.[38;2;30;60;45m.[38;2;21;47;33m.[38;2;28;61;44m.[38;2;30;67;49m:::[38;2;29;68;49m:[38;2;29;66;47m.[38;2;24;50;37m.   [38;2;25;37;29m.[38;2;26;54;38m.[38;2;29;64;44m:[38;2;28;68;47m::::[38;2;28;67;47m:[38;2;29;68;47m:[38;2;27;68;47m::[38;2;27;68;48m:::::[38;2;27;68;47m:[38;2;25;68;48m:[38;2;25;67;48m:[38;2;25;67;47m:[38;2;28;67;48m.[38;2;27;58;41m.           [38;2;27;51;40m.[38;2;31;66;47m:[38;2;31;69;49m:[38;2;30;68;46m:[38;2;28;67;46m:[38;2;29;68;47m:::[38;2;27;69;47m:::[38;2;29;68;47m:[38;2;27;68;46m::[38;2;28;69;47m:[38;2;26;68;48m:::::[38;2;26;68;47m::::[38;2;28;67;47m::[38;2;27;66;45m:[38;2;30;66;47m:[38;2;27;60;43m.[38;2;21;47;34m.[38;2;20;41;29m.                       [38;2;26;46;37m.[38;2;29;56;42m.    [38;2;27;60;44m.[38;2;30;68;49m:[38;2;28;66;47m:[38;2;26;65;46m:[38;2;30;68;49m:[38;2;29;67;48m.[38;2;22;53;37m.[38;2;18;38;28m.[38;2;18;32;27m.     [0m
[38;2;30;56;41m.[38;2;20;40;30m.[38;2;30;61;46m.[38;2;29;69;48m:[38;2;28;67;48m:[38;2;37;78;59m:[38;2;31;69;50m:[38;2;24;55;40m.[38;2;16;32;24m.  [38;2;22;34;27m.[38;2;26;41;32m.[38;2;27;48;36m.[38;2;25;54;39m.[38;2;30;65;47m:[38;2;27;67;47m:[38;2;27;68;46m:[38;2;28;67;46m:[38;2;27;67;47m:[38;2;28;67;48m::::::::[38;2;28;66;47m:[38;2;26;67;46m:::[38;2;28;68;47m:[38;2;27;56;41m.         [38;2;24;39;31m.[38;2;31;56;43m.[38;2;30;68;48m::[38;2;27;68;46m:[38;2;28;67;47m:[38;2;29;67;48m:[38;2;28;66;46m:::[38;2;28;68;46m::[38;2;26;68;46m:[38;2;28;68;46m::[38;2;27;67;45m::[38;2;28;68;47m:[38;2;27;68;48m::::::[38;2;28;67;47m:[38;2;27;64;44m:[38;2;27;61;42m.[38;2;28;56;41m.[38;2;22;48;34m.[38;2;19;40;29m.[38;2;18;34;26m.                         [38;2;20;36;31m.[38;2;26;53;40m.   [38;2;17;32;27m.[38;2;31;64;48m.:[38;2;27;66;47m:[38;2;29;67;49m::[38;2;26;54;39m.         [0m
 [38;2;24;49;36m.[38;2;31;65;47m:[38;2;27;63;41m.[38;2;28;64;42m.[38;2;29;61;44m.[38;2;20;41;29m.  .[38;2;31;56;41m.[38;2;33;64;45m.[38;2;28;54;37m.[38;2;24;45;33m.[38;2;25;51;36m.[38;2;29;62;45m..::.[38;2;32;62;45m.::::[38;2;31;62;45m:[38;2;32;62;45m.[38;2;31;62;45m.[38;2;32;62;45m.:[38;2;31;62;44m..[38;2;31;58;42m.        [38;2;21;39;30m.[38;2;30;58;42m.[38;2;32;65;47m.[38;2;30;64;45m.[38;2;31;62;45m::[38;2;33;62;45m::..[38;2;31;62;43m.[38;2;32;62;45m.[38;2;32;62;43m...[38;2;31;63;44m.[38;2;30;63;43m::::[38;2;29;64;43m::[38;2;28;65;44m:[38;2;27;64;43m::[38;2;26;59;41m.[38;2;24;52;37m.[38;2;22;44;31m.[38;2;19;36;25m.                             [38;2;27;42;34m.    [38;2;28;54;39m.[38;2;30;63;44m.[38;2;27;62;43m.[38;2;29;64;44m.[38;2;27;62;42m.[38;2;20;40;27m.      [38;2;22;39;32m.[38;2;25;47;37m.[38;2;28;52;39m.[38;2;31;55;43m.[0m